0.0000000000e+00	1.0129024740e-02	7.2814095793e-08 
6.2861664760e-01	1.0128894749e-02	7.3851102694e-08 
1.2569574163e+00	1.0129663955e-02	7.5113209916e-08 
1.8850926800e+00	1.0130448103e-02	7.5871852621e-08 
2.5135302701e+00	1.0131248202e-02	7.6638378245e-08 
3.1424132714e+00	1.0132412718e-02	7.8026352683e-08 
3.7712634096e+00	1.0133477044e-02	7.8800865011e-08 
4.3996478526e+00	1.0134775140e-02	7.7820293803e-08 
5.0277798933e+00	1.0136332784e-02	7.6502660385e-08 
5.6561655580e+00	1.0138156844e-02	7.6186554828e-08 
6.2834631473e+00	1.0140219365e-02	7.7161721862e-08 
6.9123454038e+00	1.0142517537e-02	7.9068926627e-08 
7.5407619234e+00	1.0144763162e-02	8.0680654411e-08 
8.1688811027e+00	1.0146592077e-02	8.1894065479e-08 
8.7972129480e+00	1.0147795046e-02	8.3806396914e-08 
9.4260067719e+00	1.0148158786e-02	8.6174805105e-08 
1.0053259578e+01	1.0147509743e-02	8.7733484714e-08 
1.0681594708e+01	1.0145792185e-02	8.7529189613e-08 
1.1311269771e+01	1.0142690490e-02	8.6169651438e-08 
1.1938112804e+01	1.0138550007e-02	8.5651936821e-08 
1.2566967718e+01	1.0133935376e-02	8.6614521200e-08 
1.3195786647e+01	1.0129522715e-02	8.7805362361e-08 
1.3824135657e+01	1.0125539007e-02	8.8538348278e-08 
1.4452246867e+01	1.0122227954e-02	8.9153389966e-08 
1.5080629417e+01	1.0119689314e-02	9.0417471152e-08 
1.5709483972e+01	1.0118407173e-02	9.2871643529e-08 
1.6336805682e+01	1.0118657447e-02	9.5270745323e-08 
1.6965215374e+01	1.0120405491e-02	9.6004953677e-08 
1.7593318490e+01	1.0123415483e-02	9.5841752892e-08 
1.8221625246e+01	1.0127038308e-02	9.6427597575e-08 
1.8850401212e+01	1.0130883558e-02	9.8229340725e-08 
1.9479207539e+01	1.0134568897e-02	1.0009058394e-07 
2.0107545607e+01	1.0137782919e-02	1.0050179581e-07 
2.0735643963e+01	1.0140409817e-02	1.0018022769e-07 
2.1364017233e+01	1.0142334094e-02	1.0095982623e-07 
2.1991291228e+01	1.0143465677e-02	1.0285631797e-07 
2.2620084949e+01	1.0143736184e-02	1.0462203810e-07 
2.3248404240e+01	1.0143183704e-02	1.0502971926e-07 
2.3876496970e+01	1.0141665938e-02	1.0444681809e-07 
2.4504874564e+01	1.0140516999e-02	1.0507314716e-07 
2.5133723622e+01	1.0140630587e-02	1.0764367377e-07 
2.5762578755e+01	1.0141240444e-02	1.1049772848e-07 
2.6389398322e+01	1.0141985484e-02	1.1234709061e-07 
2.7019038400e+01	1.0142838982e-02	1.1347540286e-07 
2.7647326466e+01	1.0143440936e-02	1.1523223138e-07 
2.8274533468e+01	1.0143568937e-02	1.1784221247e-07 
2.8903331718e+01	1.0143001675e-02	1.1925234072e-07 
2.9531657819e+01	1.0141432045e-02	1.1818193009e-07 
3.0159731234e+01	1.0138728790e-02	1.1597145795e-07 
3.0788070547e+01	1.0135077232e-02	1.1502657465e-07 
3.1416870058e+01	1.0130901960e-02	1.1680136003e-07 
3.2045630120e+01	1.0126672053e-02	1.2010890777e-07 
3.2673914544e+01	1.0122731430e-02	1.2283456668e-07 
3.3301985317e+01	1.0119324309e-02	1.2507531177e-07 
3.3930356613e+01	1.0117125083e-02	1.2821992260e-07 
3.4557644739e+01	1.0116452726e-02	1.3213472441e-07 
3.5186467566e+01	1.0117575652e-02	1.3473232343e-07 
3.5814813719e+01	1.0120754506e-02	1.3428147052e-07 
3.6442874319e+01	1.0125641882e-02	1.3217985833e-07 
3.7071161570e+01	1.0131528683e-02	1.3155842845e-07 
3.7699923631e+01	1.0137580223e-02	1.3343669753e-07 
3.8328722608e+01	1.0143103047e-02	1.3602044779e-07 
3.8957046707e+01	1.0147738492e-02	1.3739158376e-07 
3.9585097997e+01	1.0151284232e-02	1.3790000496e-07 
4.0213399157e+01	1.0153632250e-02	1.3964713668e-07 
4.0842173135e+01	1.0154612147e-02	1.4330644632e-07 
4.1469355638e+01	1.0154053826e-02	1.4665541374e-07 
4.2097603978e+01	1.0151869401e-02	1.4778400210e-07 
4.2727212013e+01	1.0148422409e-02	1.4777068641e-07 
4.3354013091e+01	1.0144189471e-02	1.4906357874e-07 
4.3982842451e+01	1.0139688145e-02	1.5235675234e-07 
4.4611632435e+01	1.0135884970e-02	1.5549972864e-07 
4.5239941439e+01	1.0132850337e-02	1.5637755773e-07 
4.5867976366e+01	1.0130684897e-02	1.5603773704e-07 
4.6496253190e+01	1.0129472954e-02	1.5712581395e-07 
4.7125010860e+01	1.0128975561e-02	1.6039585648e-07 
4.7752248874e+01	1.0128788524e-02	1.6360303209e-07 
4.8380559178e+01	1.0128797338e-02	1.6419309088e-07 
4.9010145958e+01	1.0128772643e-02	1.6301067453e-07 
4.9638409927e+01	1.0128494215e-02	1.6347830424e-07 
5.0265599159e+01	1.0128122459e-02	1.6694839519e-07 
5.0894331581e+01	1.0128195011e-02	1.7136637662e-07 
5.1522565979e+01	1.0128269434e-02	1.7439477943e-07 
5.2150586521e+01	1.0128412231e-02	1.7656222386e-07 
5.2778922020e+01	1.0128318777e-02	1.8022287924e-07 
5.3407725650e+01	1.0128336476e-02	1.8529669475e-07 
5.4036485724e+01	1.0128596277e-02	1.8831893353e-07 
5.4664760671e+01	1.0129520659e-02	1.8689638766e-07 
5.5292772578e+01	1.0131736762e-02	1.8300335898e-07 
5.5921039970e+01	1.0135322567e-02	1.8121336449e-07 
5.6549790131e+01	1.0140019884e-02	1.8389326954e-07 
5.7177022924e+01	1.0145069532e-02	1.8881538213e-07 
5.7805322185e+01	1.0149779612e-02	1.9293762000e-07 
5.8434879114e+01	1.0153641528e-02	1.9636864335e-07 
5.9063100159e+01	1.0156304413e-02	2.0104666953e-07 
5.9691805768e+01	1.0157806634e-02	2.0685622985e-07 
6.0318969146e+01	1.0157587166e-02	2.1056101718e-07 
6.0947187429e+01	1.0154842025e-02	2.0981169283e-07 
6.1576737943e+01	1.0149614345e-02	2.0686408994e-07 
6.2205028912e+01	1.0142658475e-02	2.0641267961e-07 
6.2832240864e+01	1.0135033965e-02	2.1017153146e-07 
6.3460964456e+01	1.0127625800e-02	2.1519904509e-07 
6.4089198612e+01	1.0121184517e-02	2.1781399812e-07 
6.4717184022e+01	1.0116035608e-02	2.1847027428e-07 
6.5345443283e+01	1.0112437604e-02	2.2080078024e-07 
6.5974189509e+01	1.0110671507e-02	2.2607165021e-07 
6.6602970633e+01	1.0111460222e-02	2.3110264442e-07 
6.7231260828e+01	1.0114930189e-02	2.3279696420e-07 
6.7859230635e+01	1.0120094899e-02	2.3261926524e-07 
6.8487412672e+01	1.0125918053e-02	2.3467243708e-07 
6.9116082667e+01	1.0131731011e-02	2.4007481878e-07 
6.9744788332e+01	1.0136944253e-02	2.4516369395e-07 
7.0372997855e+01	1.0141277653e-02	2.4658564845e-07 
7.1000958509e+01	1.0144584792e-02	2.4611871315e-07 
7.1629207984e+01	1.0146771846e-02	2.4830323477e-07 
7.2257940308e+01	1.0147785205e-02	2.5429634407e-07 
7.2885073622e+01	1.0147403848e-02	2.5990815626e-07 
7.3513264764e+01	1.0145578310e-02	2.6102445672e-07 
7.4142778448e+01	1.0142479891e-02	2.5912434201e-07 
7.4771017785e+01	1.0139999627e-02	2.5936193970e-07 
7.5399749572e+01	1.0140511269e-02	2.6405059329e-07 
7.6026939785e+01	1.0142520383e-02	2.7034990545e-07 
7.6655189173e+01	1.0145149864e-02	2.7483706124e-07 
7.7284687673e+01	1.0147890858e-02	2.7840411591e-07 
7.7912838618e+01	1.0150095260e-02	2.8445717246e-07 
7.8539927564e+01	1.0151598500e-02	2.9270959425e-07 
7.9168615215e+01	1.0151505850e-02	2.9785444289e-07 
7.9796803456e+01	1.0149219112e-02	2.9573347513e-07 
8.0426291909e+01	1.0144784021e-02	2.8931646564e-07 
8.1054497755e+01	1.0138347517e-02	2.8630230395e-07 
8.1681637637e+01	1.0130871910e-02	2.9065710996e-07 
8.2310288657e+01	1.0123609792e-02	2.9895672650e-07 
8.2938438353e+01	1.0116836208e-02	3.0601009204e-07 
8.3566360625e+01	1.0110937753e-02	3.1158799034e-07 
8.4196145730e+01	1.0106794161e-02	3.1894240814e-07 
8.4823309464e+01	1.0104917370e-02	3.2799977463e-07 
8.5452018804e+01	1.0106526818e-02	3.3362034579e-07 
8.6080226130e+01	1.0111916789e-02	3.3214876056e-07 
8.6708132307e+01	1.0120297026e-02	3.2746166471e-07 
8.7337826432e+01	1.0130045849e-02	3.2713747286e-07 
8.7964901769e+01	1.0139636034e-02	3.3369189587e-07 
8.8593578222e+01	1.0148177048e-02	3.4189860550e-07 
8.9221747852e+01	1.0155118283e-02	3.4581151863e-07 
8.9849636439e+01	1.0160335333e-02	3.4647471423e-07 
9.0479350533e+01	1.0163668554e-02	3.4970058663e-07 
9.1106449228e+01	1.0164795436e-02	3.5753979951e-07 
9.1735063347e+01	1.0163561683e-02	3.6537757435e-07 
9.2363162644e+01	1.0160264850e-02	3.6841438996e-07 
9.2992606432e+01	1.0154579153e-02	3.6862950591e-07 
9.3620809309e+01	1.0147199494e-02	3.7211734243e-07 
9.4247954204e+01	1.0139828408e-02	3.8055389433e-07 
9.4876618423e+01	1.0134719107e-02	3.8849659510e-07 
9.5504775431e+01	1.0131518168e-02	3.9071510595e-07 
9.6134206408e+01	1.0129983736e-02	3.8988669415e-07 
9.6762323387e+01	1.0129821880e-02	3.9338215865e-07 
9.7389389095e+01	1.0130061941e-02	4.0316308781e-07 
9.8018054557e+01	1.0130567653e-02	4.1243240614e-07 
9.8646204551e+01	1.0130765054e-02	4.1417509904e-07 
9.9275617024e+01	1.0130281189e-02	4.1054481819e-07 
9.9903723247e+01	1.0128876289e-02	4.1009118489e-07 
1.0053233673e+02	1.0127064768e-02	4.1706862472e-07 
1.0115938036e+02	1.0126134671e-02	4.2701239627e-07 
1.0178900860e+02	1.0126439118e-02	4.3440386569e-07 
1.0241685019e+02	1.0126174158e-02	4.4073460801e-07 
1.0304501977e+02	1.0124978069e-02	4.5131190913e-07 
1.0367369034e+02	1.0124017031e-02	4.6524300450e-07 
1.0430231455e+02	1.0123369907e-02	4.7362667912e-07 
1.0493042385e+02	1.0123801720e-02	4.6999571013e-07 
1.0555825310e+02	1.0126503502e-02	4.5955759869e-07 
1.0618634702e+02	1.0132827949e-02	4.5449960446e-07 
1.0681495103e+02	1.0142244868e-02	4.6100132346e-07 
1.0744360048e+02	1.0151566010e-02	4.7377867622e-07 
1.0807172554e+02	1.0159628850e-02	4.8470805149e-07 
1.0869953153e+02	1.0165996770e-02	4.9315654040e-07 
1.0932758348e+02	1.0170379012e-02	5.0404180681e-07 
1.0995614861e+02	1.0172504495e-02	5.1761331964e-07 
1.1058472252e+02	1.0171831306e-02	5.2621478207e-07 
1.1121276177e+02	1.0167539197e-02	5.2426052723e-07 
1.1184211866e+02	1.0159466710e-02	5.1750839382e-07 
1.1247023534e+02	1.0149152618e-02	5.1779892043e-07 
1.1309886286e+02	1.0137523777e-02	5.2910772169e-07 
1.1372588682e+02	1.0125477491e-02	5.4277315450e-07 
1.1435550333e+02	1.0114969979e-02	5.4906394164e-07 
1.1498329329e+02	1.0107342686e-02	5.4950749422e-07 
1.1561136457e+02	1.0102470581e-02	5.5377992154e-07 
1.1623995178e+02	1.0100887966e-02	5.6570307964e-07 
1.1686858495e+02	1.0103421048e-02	5.7786796885e-07 
1.1749668649e+02	1.0108955978e-02	5.8246129823e-07 
1.1812444920e+02	1.0115776154e-02	5.8266833439e-07 
1.1875244382e+02	1.0123866891e-02	5.8817686252e-07 
1.1938095685e+02	1.0132159753e-02	6.0146989757e-07 
1.2000950573e+02	1.0139611552e-02	6.1373767282e-07 
1.2063751612e+02	1.0145886733e-02	6.1707961782e-07 
1.2126682419e+02	1.0150679637e-02	6.1618246556e-07 
1.2189488117e+02	1.0153801293e-02	6.2258875568e-07 
1.2252345899e+02	1.0154772685e-02	6.3890687154e-07 
1.2315043615e+02	1.0153557303e-02	6.5401860262e-07 
1.2377999419e+02	1.0150163234e-02	6.5694398867e-07 
1.2440773434e+02	1.0144993875e-02	6.5078748468e-07 
1.2503577500e+02	1.0140691521e-02	6.4890076257e-07 
1.2566434011e+02	1.0142652922e-02	6.5853696590e-07 
1.2629292721e+02	1.0147988623e-02	6.7347333399e-07 
1.2692098215e+02	1.0153963796e-02	6.8510093378e-07 
1.2754870271e+02	1.0159376456e-02	6.9537813020e-07 
1.2817820875e+02	1.0163525618e-02	7.1229845189e-07 
1.2880667995e+02	1.0166084163e-02	7.3444404256e-07 
1.2943364404e+02	1.0165883821e-02	7.4774945961e-07 
1.3006318050e+02	1.0162124733e-02	7.4178501423e-07 
1.3069087887e+02	1.0154628981e-02	7.2487623531e-07 
1.3131888056e+02	1.0144031781e-02	7.1683029838e-07 
1.3194741129e+02	1.0132537860e-02	7.2769428520e-07 
1.3257589792e+02	1.0120858720e-02	7.4865554139e-07 
1.3320384129e+02	1.0109749422e-02	7.6621919320e-07 
1.3383309266e+02	1.0099654101e-02	7.7934593772e-07 
1.3446109915e+02	1.0091571930e-02	7.9600983667e-07 
1.3508963610e+02	1.0087320683e-02	8.1670891492e-07 
1.3571817389e+02	1.0089948110e-02	8.2956380295e-07 
1.3634616869e+02	1.0100225193e-02	8.2628045613e-07 
1.3697383681e+02	1.0114597209e-02	8.1624287787e-07 
1.3760330702e+02	1.0129963041e-02	8.1756694740e-07 
1.3823019663e+02	1.0144431222e-02	8.3567977395e-07 
1.3885869118e+02	1.0157079153e-02	8.5687938360e-07 
1.3948819034e+02	1.0167340196e-02	8.6603114136e-07 
1.4011582927e+02	1.0174947726e-02	8.6583988496e-07 
1.4074376239e+02	1.0179704899e-02	8.7167792013e-07 
1.4137223751e+02	1.0181857941e-02	8.9000601624e-07 
1.4200066959e+02	1.0180659462e-02	9.0956001847e-07 
1.4262854734e+02	1.0175838681e-02	9.1768477267e-07 
1.4325774198e+02	1.0167560840e-02	9.1848154609e-07 
1.4388571331e+02	1.0156552200e-02	9.2683308504e-07 
1.4451422298e+02	1.0144375465e-02	9.4711780037e-07 
1.4514270329e+02	1.0135552747e-02	9.6599684243e-07 
1.4577063203e+02	1.0132687461e-02	9.7108840300e-07 
1.4639824670e+02	1.0132646535e-02	9.6972285732e-07 
1.4702768528e+02	1.0134113536e-02	9.8020160361e-07 
1.4765610783e+02	1.0135832185e-02	1.0064381566e-06 
1.4828458037e+02	1.0136626879e-02	1.0303159989e-06 
1.4891248608e+02	1.0136194449e-02	1.0339327485e-06 
1.4954006559e+02	1.0133888108e-02	1.0227014835e-06 
1.5016948687e+02	1.0129651548e-02	1.0184473199e-06 
1.5079790198e+02	1.0124601774e-02	1.0329890246e-06 
1.5142630179e+02	1.0123133179e-02	1.0564734260e-06 
1.5205412117e+02	1.0122815626e-02	1.0754502014e-06 
1.5268168552e+02	1.0121855816e-02	1.0928931643e-06 
1.5331116299e+02	1.0119504648e-02	1.1206577003e-06 
1.5393807662e+02	1.0117549615e-02	1.1556823715e-06 
1.5456649862e+02	1.0116000251e-02	1.1762143765e-06 
1.5519591360e+02	1.0116128560e-02	1.1663491004e-06 
1.5582346446e+02	1.0119968608e-02	1.1394933634e-06 
1.5645286035e+02	1.0133877019e-02	1.1264377690e-06 
1.5707970018e+02	1.0149932545e-02	1.1429060248e-06 
1.5770814304e+02	1.0164398502e-02	1.1753325503e-06 
1.5833756206e+02	1.0176554201e-02	1.2023507706e-06 
1.5896507543e+02	1.0186049462e-02	1.2216028240e-06 
1.5959442294e+02	1.0192374778e-02	1.2459782740e-06 
1.6022122058e+02	1.0195815904e-02	1.2770364145e-06 
1.6084958039e+02	1.0194406053e-02	1.2971432024e-06 
1.6147890849e+02	1.0188070374e-02	1.2928858379e-06 
1.6210640486e+02	1.0177193169e-02	1.2784108115e-06 
1.6273581293e+02	1.0163749593e-02	1.2818662488e-06 
1.6336422542e+02	1.0147450816e-02	1.3114876586e-06 
1.6399259387e+02	1.0129306856e-02	1.3449057847e-06 
1.6462038345e+02	1.0110854754e-02	1.3581799844e-06 
1.6524787057e+02	1.0097476925e-02	1.3562724721e-06 
1.6587722308e+02	1.0091477965e-02	1.3641344742e-06 
1.6650558494e+02	1.0091477580e-02	1.3920864419e-06 
1.6713399776e+02	1.0096751846e-02	1.4222243052e-06 
1.6776181378e+02	1.0103628228e-02	1.4346497273e-06 
1.6839081671e+02	1.0111786089e-02	1.4356992363e-06 
1.6901852598e+02	1.0121189001e-02	1.4482166862e-06 
1.6964681033e+02	1.0132860073e-02	1.4787857439e-06 
1.7027512867e+02	1.0144133648e-02	1.5071963209e-06 
1.7090284536e+02	1.0153706359e-02	1.5150897487e-06 
1.7153182576e+02	1.0160897795e-02	1.5140548718e-06 
1.7215959715e+02	1.0165197734e-02	1.5318520784e-06 
1.7278794848e+02	1.0166180648e-02	1.5739376371e-06 
1.7341625521e+02	1.0163597210e-02	1.6117696130e-06 
1.7404552472e+02	1.0158412546e-02	1.6169557060e-06 
1.7467293992e+02	1.0150644937e-02	1.5975291858e-06 
1.7530224324e+02	1.0143205157e-02	1.5881088390e-06 
1.7593057115e+02	1.0148889388e-02	1.6085785186e-06 
1.7655893101e+02	1.0159891909e-02	1.6445275676e-06 
1.7718669305e+02	1.0170579525e-02	1.6745160497e-06 
1.7781563383e+02	1.0179691548e-02	1.7022286782e-06 
1.7844327607e+02	1.0186400522e-02	1.7454439830e-06 
1.7907150103e+02	1.0189989611e-02	1.7997580924e-06 
1.7969977716e+02	1.0189198931e-02	1.8307501175e-06 
1.8032744008e+02	1.0183176501e-02	1.8141030105e-06 
1.8095634327e+02	1.0171391294e-02	1.7713655729e-06 
1.8158559093e+02	1.0157165820e-02	1.7514378094e-06 
1.8221387755e+02	1.0140804472e-02	1.7782709293e-06 
1.8284212651e+02	1.0122408093e-02	1.8293309046e-06 
1.8346976178e+02	1.0102983513e-02	1.8707488078e-06 
1.8409865833e+02	1.0084299839e-02	1.8993244609e-06 
1.8472634569e+02	1.0069007092e-02	1.9350138368e-06 
1.8535462908e+02	1.0060753917e-02	1.9811329694e-06 
1.8598291958e+02	1.0067872471e-02	2.0110493029e-06 
1.8661059505e+02	1.0088417806e-02	2.0049845061e-06 
1.8723946055e+02	1.0111848162e-02	1.9841436436e-06 
1.8786860564e+02	1.0134600417e-02	1.9906775933e-06 
1.8849679229e+02	1.0155060879e-02	2.0362847057e-06 
1.8912502867e+02	1.0172400169e-02	2.0865681507e-06 
1.8975263272e+02	1.0186522890e-02	2.1049751230e-06 
1.9038144959e+02	1.0197505060e-02	2.0995551235e-06 
1.9100905326e+02	1.0204477196e-02	2.1097497160e-06 
1.9163727240e+02	1.0208235066e-02	2.1525768948e-06 
1.9226700753e+02	1.0206268956e-02	2.2004133482e-06 
1.9289455900e+02	1.0200168209e-02	2.2206922592e-06 
1.9352337241e+02	1.0188912645e-02	2.2219516731e-06 
1.9415100307e+02	1.0173596340e-02	2.2396517338e-06 
1.9477924376e+02	1.0155650785e-02	2.2849813821e-06 
1.9540746369e+02	1.0138981001e-02	2.3274291950e-06 
1.9603661073e+02	1.0139207278e-02	2.3389325422e-06 
1.9666383465e+02	1.0144678663e-02	2.3376202646e-06 
1.9729292524e+02	1.0149437226e-02	2.3661575081e-06 
1.9792107479e+02	1.0152414501e-02	2.4316017627e-06 
1.9854927384e+02	1.0152301929e-02	2.4886549562e-06 
1.9917837576e+02	1.0149702582e-02	2.4935257238e-06 
1.9980554055e+02	1.0142766638e-02	2.4598214002e-06 
2.0043460542e+02	1.0132612489e-02	2.4420108098e-06 
2.0106274777e+02	1.0121649047e-02	2.4714594145e-06 
2.0169086826e+02	1.0117902244e-02	2.5265658666e-06 
2.0231988456e+02	1.0117169095e-02	2.5744056873e-06 
2.0294703343e+02	1.0116169045e-02	2.6189850006e-06 
2.0357614623e+02	1.0113325580e-02	2.6863802606e-06 
2.0420433532e+02	1.0109558208e-02	2.7688764053e-06 
2.0483248004e+02	1.0106687677e-02	2.8147058576e-06 
2.0546153138e+02	1.0106332502e-02	2.7874173767e-06 
2.0608866286e+02	1.0117753584e-02	2.7205904730e-06 
2.0671769336e+02	1.0144385372e-02	2.6887121718e-06 
2.0734580699e+02	1.0168652875e-02	2.7289042293e-06 
2.0797396661e+02	1.0188535217e-02	2.8063100160e-06 
2.0860300531e+02	1.0204035199e-02	2.8678159288e-06 
2.0923007413e+02	1.0216918283e-02	2.9074455948e-06 
2.0985904210e+02	1.0225975917e-02	2.9575544610e-06 
2.1048710532e+02	1.0230668198e-02	3.0249838617e-06 
2.1111517385e+02	1.0228207993e-02	3.0700426876e-06 
2.1174411310e+02	1.0219798456e-02	3.0619742912e-06 
2.1237271377e+02	1.0207169529e-02	3.0324530963e-06 
2.1300017472e+02	1.0189903043e-02	3.0446491363e-06 
2.1362829229e+02	1.0167946010e-02	3.1148473139e-06 
2.1425792513e+02	1.0142761054e-02	3.1896891648e-06 
2.1488532599e+02	1.0115803933e-02	3.2136037528e-06 
2.1551391734e+02	1.0089581047e-02	3.2008879648e-06 
2.1614287686e+02	1.0088099505e-02	3.2130222076e-06 
2.1677094414e+02	1.0090850221e-02	3.2761192587e-06 
2.1739905926e+02	1.0094658561e-02	3.3477823461e-06 
2.1802802777e+02	1.0100786520e-02	3.3782984489e-06 
2.1865499464e+02	1.0108725883e-02	3.3788937811e-06 
2.1928385838e+02	1.0118901223e-02	3.4025911415e-06 
2.1991184066e+02	1.0135675921e-02	3.4671672773e-06 
2.2053985103e+02	1.0153004660e-02	3.5286137191e-06 
2.2116871023e+02	1.0167394530e-02	3.5457117961e-06 
2.2179720083e+02	1.0177829468e-02	3.5452751328e-06 
2.2242611958e+02	1.0183794280e-02	3.5905721550e-06 
2.2305416705e+02	1.0184565388e-02	3.6910059197e-06 
2.2368217537e+02	1.0180647131e-02	3.7767089339e-06 
2.2431103716e+02	1.0173929732e-02	3.7802795178e-06 
2.2493952555e+02	1.0163546421e-02	3.7225085414e-06 
2.2556685757e+02	1.0149729427e-02	3.6886123867e-06 
2.2619487944e+02	1.0163717891e-02	3.7284053875e-06 
2.2682449607e+02	1.0183676239e-02	3.8104117409e-06 
2.2745183451e+02	1.0198773506e-02	3.8828377162e-06 
2.2808026650e+02	1.0210286929e-02	3.9505456139e-06 
2.2870904040e+02	1.0219830109e-02	4.0511055501e-06 
2.2933694819e+02	1.0225077596e-02	4.1724248813e-06 
2.2996490459e+02	1.0224066171e-02	4.2369525589e-06 
2.3059368449e+02	1.0214573171e-02	4.1914899309e-06 
2.3122205932e+02	1.0200678062e-02	4.0881376341e-06 
2.3185087259e+02	1.0182793078e-02	4.0397521687e-06 
2.3247884656e+02	1.0160588404e-02	4.1002175905e-06 
2.3310678800e+02	1.0134480208e-02	4.2153733192e-06 
2.3373555004e+02	1.0106086123e-02	4.3045585590e-06 
2.3436392448e+02	1.0076227344e-02	4.3585755777e-06 
2.3499117599e+02	1.0048446219e-02	4.4261567337e-06 
2.3562069837e+02	1.0036207005e-02	4.5207123706e-06 
2.3624867793e+02	1.0058974870e-02	4.5850489249e-06 
2.3687747712e+02	1.0085771781e-02	4.5739206622e-06 
2.3750580570e+02	1.0117819733e-02	4.5321301736e-06 
2.3813295039e+02	1.0149555296e-02	4.5509380429e-06 
2.3876237037e+02	1.0177417678e-02	4.6536703123e-06 
2.3939027939e+02	1.0198821575e-02	4.7599855134e-06 
2.4001897988e+02	1.0215656470e-02	4.7884600292e-06 
2.4064723356e+02	1.0230304454e-02	4.7614717705e-06 
2.4127438272e+02	1.0240436252e-02	4.7732294573e-06 
2.4190383666e+02	1.0245541733e-02	4.8647092944e-06 
2.4253170693e+02	1.0242506726e-02	4.9713584698e-06 
2.4316036807e+02	1.0235225889e-02	5.0164030406e-06 
2.4378861943e+02	1.0221556900e-02	5.0142313719e-06 
2.4441734421e+02	1.0202053199e-02	5.0436804453e-06 
2.4504525719e+02	1.0180376158e-02	5.1324680370e-06 
2.4567315727e+02	1.0162516826e-02	5.2173068283e-06 
2.4630184506e+02	1.0169090435e-02	5.2390322478e-06 
2.4693005838e+02	1.0177501102e-02	5.2377041673e-06 
2.4755868217e+02	1.0182083871e-02	5.3048277356e-06 
2.4818650587e+02	1.0184153466e-02	5.4514239244e-06 
2.4881437187e+02	1.0182379237e-02	5.5726737116e-06 
2.4944298811e+02	1.0176705522e-02	5.5692330291e-06 
2.5007110980e+02	1.0164358720e-02	5.4729829372e-06 
2.5069969756e+02	1.0148775417e-02	5.4116391623e-06 
2.5132751707e+02	1.0129950675e-02	5.4621459937e-06 
2.5195686549e+02	1.0110906763e-02	5.5802480405e-06 
2.5258541614e+02	1.0111215725e-02	5.6888319945e-06 
2.5321352578e+02	1.0110352261e-02	5.7900827366e-06 
2.5384214763e+02	1.0113448111e-02	5.9357246372e-06 
2.5447000385e+02	1.0113826651e-02	6.1077733487e-06 
2.5509782331e+02	1.0112342133e-02	6.1947543197e-06 
2.5572639547e+02	1.0117645965e-02	6.1207513402e-06 
2.5635448270e+02	1.0145598953e-02	5.9629521781e-06 
2.5698303227e+02	1.0170581444e-02	5.8869576027e-06 
2.5761082299e+02	1.0201198181e-02	5.9713089911e-06 
2.5824020784e+02	1.0227308041e-02	6.1353257974e-06 
2.5886874950e+02	1.0245538910e-02	6.2573842968e-06 
2.5949673807e+02	1.0259953923e-02	6.3237525894e-06 
2.6012520174e+02	1.0271894228e-02	6.4082835413e-06 
2.6075293462e+02	1.0277666090e-02	6.5338657682e-06 
2.6138067100e+02	1.0273973584e-02	6.6216430326e-06 
2.6200910896e+02	1.0264595585e-02	6.6059839331e-06 
2.6263862796e+02	1.0250027500e-02	6.5486006032e-06 
2.6326558029e+02	1.0228964113e-02	6.5771999932e-06 
2.6389491860e+02	1.0201503602e-02	6.7213272530e-06 
2.6452267132e+02	1.0171333391e-02	6.8643676252e-06 
2.6515113144e+02	1.0138444343e-02	6.8913944927e-06 
2.6577908222e+02	1.0116419926e-02	6.8377903167e-06 
2.6640754707e+02	1.0116144419e-02	6.8419254465e-06 
2.6703685367e+02	1.0113666754e-02	6.9648621239e-06 
2.6766464381e+02	1.0110411687e-02	7.1141599545e-06 
2.6829309905e+02	1.0105218114e-02	7.1763650162e-06 
2.6892095734e+02	1.0108065202e-02	7.1670023533e-06 
2.6954930316e+02	1.0124023016e-02	7.1970681698e-06 
2.7017695858e+02	1.0149836279e-02	7.3098219312e-06 
2.7080619266e+02	1.0168926484e-02	7.4204867021e-06 
2.7143453326e+02	1.0188566993e-02	7.4462063341e-06 
2.7206234212e+02	1.0202983855e-02	7.4428936185e-06 
2.7269074049e+02	1.0210594178e-02	7.5377912681e-06 
2.7332001829e+02	1.0209747258e-02	7.7440400901e-06 
2.7394771406e+02	1.0207661735e-02	7.9081369477e-06 
2.7457606930e+02	1.0202755549e-02	7.8880706099e-06 
2.7520388175e+02	1.0191517567e-02	7.7312528528e-06 
2.7583225925e+02	1.0194648140e-02	7.6238257697e-06 
2.7646152625e+02	1.0202264487e-02	7.6803578679e-06 
2.7708927866e+02	1.0225794761e-02	7.8395348550e-06 
2.7771765046e+02	1.0244815310e-02	7.9910891569e-06 
2.7834538090e+02	1.0255968656e-02	8.1321126162e-06 
2.7897363266e+02	1.0264916460e-02	8.3303182363e-06 
2.7960277914e+02	1.0272208875e-02	8.5598023090e-06 
2.8023041187e+02	1.0270383418e-02	8.6658166703e-06 
2.8085865472e+02	1.0257946191e-02	8.5471023241e-06 
2.8148786390e+02	1.0242778609e-02	8.3137977456e-06 
2.8211614746e+02	1.0222076014e-02	8.1987385041e-06 
2.8274381708e+02	1.0194210863e-02	8.3092062607e-06 
2.8337301807e+02	1.0162373746e-02	8.5299652542e-06 
2.8400127072e+02	1.0127661047e-02	8.6880862887e-06 
2.8462893619e+02	1.0088000859e-02	8.7617337884e-06 
2.8525722198e+02	1.0048819699e-02	8.8555380546e-06 
2.8588644985e+02	1.0035544986e-02	9.0090853494e-06 
2.8651414278e+02	1.0070379375e-02	9.1190347255e-06 
2.8714242000e+02	1.0105682032e-02	9.0952453926e-06 
2.8777001731e+02	1.0141315392e-02	9.0172334230e-06 
2.8839819193e+02	1.0174672943e-02	9.0540981480e-06 
2.8902731575e+02	1.0210084169e-02	9.2428736291e-06 
2.8965492089e+02	1.0237439703e-02	9.4220046575e-06 
2.9028463424e+02	1.0254788256e-02	9.4347030188e-06 
2.9091213277e+02	1.0270244281e-02	9.3341956646e-06 
2.9154029962e+02	1.0283659009e-02	9.3166790100e-06 
2.9216946832e+02	1.0290160868e-02	9.4700762213e-06 
2.9279707235e+02	1.0284638813e-02	9.6673445579e-06 
2.9342522493e+02	1.0276928701e-02	9.7477072471e-06 
2.9405428536e+02	1.0262674416e-02	9.7251629834e-06 
2.9468247110e+02	1.0241918771e-02	9.7477368705e-06 
2.9531010794e+02	1.0225391701e-02	9.8770830766e-06 
2.9593929309e+02	1.0210448806e-02	1.0005205525e-05 
2.9656746706e+02	1.0213117689e-02	1.0025584634e-05 
2.9719492607e+02	1.0222859155e-02	1.0013309425e-05 
2.9782302512e+02	1.0227639540e-02	1.0135010272e-05 
2.9845213839e+02	1.0230137125e-02	1.0403191308e-05 
2.9907972879e+02	1.0225381346e-02	1.0607736842e-05 
2.9970935927e+02	1.0214695228e-02	1.0555128652e-05 
3.0033669933e+02	1.0198976378e-02	1.0310581427e-05 
3.0096474788e+02	1.0182056087e-02	1.0130468684e-05 
3.0159386702e+02	1.0159138538e-02	1.0178513487e-05 
3.0222142545e+02	1.0131392569e-02	1.0379309044e-05 
3.0285103060e+02	1.0124311668e-02	1.0581979435e-05 
3.0347837086e+02	1.0129023862e-02	1.0769950790e-05 
3.0410644185e+02	1.0136483239e-02	1.1024216472e-05 
3.0473559121e+02	1.0134271910e-02	1.1308452701e-05 
3.0536317280e+02	1.0136249976e-02	1.1422145230e-05 
3.0599123448e+02	1.0148356879e-02	1.1237402223e-05 
3.0662010803e+02	1.0183904973e-02	1.0904361421e-05 
3.0724813769e+02	1.0210437659e-02	1.0732507516e-05 
3.0787725647e+02	1.0239064068e-02	1.0862828698e-05 
3.0850485580e+02	1.0271942719e-02	1.1137223792e-05 
3.0913286770e+02	1.0294118706e-02	1.1323366416e-05 
3.0976161410e+02	1.0307445921e-02	1.1387559855e-05 
3.1038953556e+02	1.0322384669e-02	1.1470004944e-05 
3.1101859732e+02	1.0327765610e-02	1.1633736375e-05 
3.1164611771e+02	1.0321751957e-02	1.1755907273e-05 
3.1227561664e+02	1.0311619296e-02	1.1721256328e-05 
3.1290279152e+02	1.0296320978e-02	1.1623862565e-05 
3.1353231035e+02	1.0272094607e-02	1.1669412417e-05 
3.1415987502e+02	1.0242360461e-02	1.1895646816e-05 
3.1478898353e+02	1.0211159817e-02	1.2094943855e-05 
3.1541694499e+02	1.0175700187e-02	1.2068913190e-05 
3.1604566999e+02	1.0159723003e-02	1.1893503467e-05 
3.1667362930e+02	1.0158068354e-02	1.1830111376e-05 
3.1730120834e+02	1.0151294038e-02	1.1998387154e-05 
3.1793037164e+02	1.0142580477e-02	1.2239048307e-05 
3.1855831925e+02	1.0133334119e-02	1.2335331860e-05 
3.1918692971e+02	1.0136386330e-02	1.2291763686e-05 
3.1981475501e+02	1.0156093372e-02	1.2290413166e-05 
3.2044377871e+02	1.0175949077e-02	1.2416347698e-05 
3.2107128578e+02	1.0198316333e-02	1.2544036198e-05 
3.2169912924e+02	1.0210911766e-02	1.2547876962e-05 
3.2232769593e+02	1.0229156799e-02	1.2520569976e-05 
3.2295711886e+02	1.0237338982e-02	1.2665597228e-05 
3.2358467176e+02	1.0236493746e-02	1.2987651487e-05 
3.2421378212e+02	1.0235273064e-02	1.3218335036e-05 
3.2484166237e+02	1.0231752019e-02	1.3111216812e-05 
3.2547023883e+02	1.0225827910e-02	1.2751107962e-05 
3.2609812418e+02	1.0238883199e-02	1.2470396115e-05 
3.2672571588e+02	1.0246672782e-02	1.2485802384e-05 
3.2735489991e+02	1.0267531351e-02	1.2714139100e-05 
3.2798279065e+02	1.0292900541e-02	1.2962340824e-05 
3.2861127155e+02	1.0304384032e-02	1.3195410320e-05 
3.2923902460e+02	1.0309093319e-02	1.3495132121e-05 
3.2986804907e+02	1.0318069368e-02	1.3812571744e-05 
3.3049555852e+02	1.0314394230e-02	1.3909300957e-05 
3.3112486747e+02	1.0298980908e-02	1.3638500721e-05 
3.3175327081e+02	1.0283179824e-02	1.3192897267e-05 
3.3238105666e+02	1.0262265084e-02	1.2952623907e-05 
3.3301017683e+02	1.0231350066e-02	1.3087997406e-05 
3.3363775711e+02	1.0195679084e-02	1.3400510369e-05 
3.3426557112e+02	1.0156256201e-02	1.3597371090e-05 
3.3489399640e+02	1.0111629912e-02	1.3629484726e-05 
3.3552336189e+02	1.0089272353e-02	1.3670684415e-05 
3.3615096982e+02	1.0076448614e-02	1.3813221837e-05 
3.3678016874e+02	1.0092008193e-02	1.3928430454e-05 
3.3740799682e+02	1.0130585642e-02	1.3881247699e-05 
3.3803635328e+02	1.0172612536e-02	1.3771447558e-05 
3.3866405588e+02	1.0203606510e-02	1.3825523094e-05 
3.3929311781e+02	1.0235608827e-02	1.4074506927e-05 
3.3992066732e+02	1.0269217388e-02	1.4265749710e-05 
3.4054992271e+02	1.0288349355e-02	1.4170837361e-05 
3.4117817253e+02	1.0301010139e-02	1.3891900532e-05 
3.4180587055e+02	1.0316341879e-02	1.3753945280e-05 
3.4243500470e+02	1.0321702677e-02	1.3911985888e-05 
3.4306262256e+02	1.0313452142e-02	1.4178918536e-05 
3.4369038482e+02	1.0304403995e-02	1.4288552205e-05 
3.4431866336e+02	1.0293081925e-02	1.4223883343e-05 
3.4494793177e+02	1.0274827796e-02	1.4184618366e-05 
3.4557555486e+02	1.0263812598e-02	1.4276142406e-05 
3.4620476616e+02	1.0246827044e-02	1.4372514204e-05 
3.4683253373e+02	1.0251441335e-02	1.4342408321e-05 
3.4746077373e+02	1.0264499572e-02	1.4293907310e-05 
3.4808999976e+02	1.0268523775e-02	1.4450958001e-05 
3.4871757649e+02	1.0269927686e-02	1.4805165724e-05 
3.4934519084e+02	1.0261876256e-02	1.5036515008e-05 
3.4997440923e+02	1.0244058903e-02	1.4856718937e-05 
3.5060252387e+02	1.0230623052e-02	1.4366185317e-05 
3.5123014108e+02	1.0214805090e-02	1.3962089119e-05 
3.5185929816e+02	1.0190819849e-02	1.3916875354e-05 
3.5248695740e+02	1.0161110300e-02	1.4151375179e-05 
3.5311622801e+02	1.0145361926e-02	1.4441264733e-05 
3.5374437356e+02	1.0144034130e-02	1.4718014836e-05 
3.5437200202e+02	1.0151650268e-02	1.5047657270e-05 
3.5500118410e+02	1.0148404798e-02	1.5365252005e-05 
3.5562886536e+02	1.0149136197e-02	1.5413400249e-05 
3.5625813460e+02	1.0168311148e-02	1.5046147376e-05 
3.5688626534e+02	1.0207306389e-02	1.4493767441e-05 
3.5751391956e+02	1.0234503266e-02	1.4185576496e-05 
3.5814158669e+02	1.0257620701e-02	1.4307497496e-05 
3.5877085902e+02	1.0298257581e-02	1.4630813987e-05 
3.5939852374e+02	1.0323729535e-02	1.4812727868e-05 
3.6002653834e+02	1.0337575983e-02	1.4787572415e-05 
3.6065563340e+02	1.0352980433e-02	1.4752293188e-05 
3.6128324862e+02	1.0355966703e-02	1.4834128700e-05 
3.6191249663e+02	1.0345096792e-02	1.4920623429e-05 
3.6254016129e+02	1.0331213729e-02	1.4872317929e-05 
3.6316818732e+02	1.0318437094e-02	1.4777277040e-05 
3.6379731650e+02	1.0296780202e-02	1.4849150589e-05 
3.6442498869e+02	1.0270426164e-02	1.5096415663e-05 
3.6505428023e+02	1.0238107229e-02	1.5242470334e-05 
3.6568195570e+02	1.0198768737e-02	1.5051223561e-05 
3.6630999102e+02	1.0191260205e-02	1.4652841695e-05 
3.6693918894e+02	1.0190773078e-02	1.4419999833e-05 
3.6756695781e+02	1.0182525335e-02	1.4539051445e-05 
3.6819478692e+02	1.0167139164e-02	1.4813225989e-05 
3.6882401549e+02	1.0157034777e-02	1.4938160086e-05 
3.6945194799e+02	1.0165497821e-02	1.4863225551e-05 
3.7008100412e+02	1.0176965531e-02	1.4781269323e-05 
3.7070866381e+02	1.0187281025e-02	1.4811591488e-05 
3.7133641058e+02	1.0203447192e-02	1.4848781567e-05 
3.7196558539e+02	1.0217776874e-02	1.4779097475e-05 
3.7259350505e+02	1.0235732500e-02	1.4718639752e-05 
3.7322260102e+02	1.0241077757e-02	1.4884652764e-05 
3.7385034215e+02	1.0242625412e-02	1.5244815653e-05 
3.7447817479e+02	1.0235261192e-02	1.5447900449e-05 
3.7510739061e+02	1.0233852283e-02	1.5187737157e-05 
3.7573533969e+02	1.0236391100e-02	1.4577396883e-05 
3.7636296855e+02	1.0254155572e-02	1.4052681417e-05 
3.7699238747e+02	1.0258752659e-02	1.3928291580e-05 
