0.0000000000e+00	1.0067811923e-02	7.2814095793e-08 
6.2861590754e-01	1.0064405504e-02	7.4627570649e-08 
1.2569557426e+00	1.0058753476e-02	7.5601189991e-08 
1.8850901011e+00	1.0051309615e-02	7.6163020311e-08 
2.5135268214e+00	1.0045740534e-02	7.7164843791e-08 
3.1424090723e+00	1.0048477449e-02	7.8614951114e-08 
3.7712581370e+00	1.0059617637e-02	7.9610342712e-08 
4.3996411420e+00	1.0073198887e-02	7.9308710819e-08 
5.0277715758e+00	1.0083846880e-02	7.8329684327e-08 
5.6561556395e+00	1.0090525118e-02	7.8169657558e-08 
6.2834515210e+00	1.0094014776e-02	7.9268475505e-08 
6.9123321792e+00	1.0096342321e-02	8.0760262813e-08 
7.5407474534e+00	1.0098606960e-02	8.1729869291e-08 
8.1688658828e+00	1.0099457965e-02	8.2265642292e-08 
8.7971974787e+00	1.0097746185e-02	8.3507287585e-08 
9.4259915335e+00	1.0093662420e-02	8.5667395378e-08 
1.0053244629e+01	1.0088396025e-02	8.7217990639e-08 
1.0681579793e+01	1.0082745332e-02	8.7119149016e-08 
1.1311254582e+01	1.0079134892e-02	8.6289432015e-08 
1.1938097060e+01	1.0084040864e-02	8.6114574291e-08 
1.2566951234e+01	1.0088844876e-02	8.7213745707e-08 
1.3195769415e+01	1.0092899701e-02	8.8750619174e-08 
1.3824117680e+01	1.0095261988e-02	8.9605501366e-08 
1.4452228300e+01	1.0096034605e-02	9.0221302600e-08 
1.5080610126e+01	1.0093391747e-02	9.1563833008e-08 
1.5709463765e+01	1.0087865336e-02	9.3714708513e-08 
1.6336785003e+01	1.0081062852e-02	9.5671428191e-08 
1.6965194694e+01	1.0074209614e-02	9.5773577413e-08 
1.7593298284e+01	1.0067593515e-02	9.4700436007e-08 
1.8221606132e+01	1.0061493838e-02	9.4788785462e-08 
1.8850383527e+01	1.0055683323e-02	9.6431396753e-08 
1.9479191280e+01	1.0052490743e-02	9.8335372410e-08 
2.0107530307e+01	1.0050076565e-02	9.9483067733e-08 
2.0735629240e+01	1.0048113090e-02	9.9984746610e-08 
2.1364002508e+01	1.0054844184e-02	1.0126055429e-07 
2.1991276008e+01	1.0067349960e-02	1.0350041152e-07 
2.2620069502e+01	1.0081415112e-02	1.0512769069e-07 
2.3248389161e+01	1.0094855092e-02	1.0507882914e-07 
2.3876482672e+01	1.0106084902e-02	1.0405283592e-07 
2.4504861179e+01	1.0114636025e-02	1.0411490983e-07 
2.5133710910e+01	1.0120601309e-02	1.0635725014e-07 
2.5762567367e+01	1.0125755636e-02	1.0894677055e-07 
2.6389388451e+01	1.0129761018e-02	1.1030142721e-07 
2.7019030359e+01	1.0131388193e-02	1.1111788124e-07 
2.7647320600e+01	1.0128855239e-02	1.1263151617e-07 
2.8274530021e+01	1.0122730908e-02	1.1494656685e-07 
2.8903330637e+01	1.0113663308e-02	1.1663280683e-07 
2.9531658946e+01	1.0102717773e-02	1.1624642985e-07 
3.0159734067e+01	1.0090984032e-02	1.1476721418e-07 
3.0788074593e+01	1.0079810612e-02	1.1453233917e-07 
3.1416874505e+01	1.0072556269e-02	1.1650035341e-07 
3.2045635429e+01	1.0071933756e-02	1.1932982444e-07 
3.2673921674e+01	1.0074210234e-02	1.2120413682e-07 
3.3301994922e+01	1.0075682688e-02	1.2230249353e-07 
3.3930368982e+01	1.0076161646e-02	1.2447462475e-07 
3.4557660043e+01	1.0075403212e-02	1.2796832273e-07 
3.5186485974e+01	1.0075946523e-02	1.3047974922e-07 
3.5814835380e+01	1.0077370004e-02	1.3033190311e-07 
3.6442899131e+01	1.0079781060e-02	1.2879070419e-07 
3.7071189402e+01	1.0082945151e-02	1.2836818536e-07 
3.7699954382e+01	1.0085193477e-02	1.3023305410e-07 
3.8328756221e+01	1.0085950986e-02	1.3279920104e-07 
3.8957083614e+01	1.0086450587e-02	1.3413829130e-07 
3.9585138327e+01	1.0086608947e-02	1.3493876917e-07 
4.0213442431e+01	1.0085485965e-02	1.3693128412e-07 
4.0842218594e+01	1.0082675067e-02	1.4044426407e-07 
4.1469403294e+01	1.0086179773e-02	1.4345018326e-07 
4.2097655232e+01	1.0100981517e-02	1.4363874148e-07 
4.2725706346e+01	1.0112628985e-02	1.4231164247e-07 
4.3354073382e+01	1.0120379515e-02	1.4269743980e-07 
4.3982907337e+01	1.0126768484e-02	1.4539355974e-07 
4.4611702230e+01	1.0131863432e-02	1.4856917930e-07 
4.5240016401e+01	1.0135842441e-02	1.5044032017e-07 
4.5868056153e+01	1.0137045878e-02	1.5121115554e-07 
4.6496336980e+01	1.0134755609e-02	1.5305275790e-07 
4.7125098012e+01	1.0128852827e-02	1.5648161933e-07 
4.7752339366e+01	1.0119678071e-02	1.5909340505e-07 
4.8380654570e+01	1.0107564558e-02	1.5898860229e-07 
4.9010246748e+01	1.0093294180e-02	1.5711098008e-07 
4.9638516081e+01	1.0077323658e-02	1.5697670538e-07 
5.0265710142e+01	1.0061086494e-02	1.6029641426e-07 
5.0894447045e+01	1.0044075188e-02	1.6437829139e-07 
5.1522687208e+01	1.0038437477e-02	1.6680413208e-07 
5.2150714136e+01	1.0044572598e-02	1.6842698396e-07 
5.2779055900e+01	1.0053227336e-02	1.7122799102e-07 
5.3407865161e+01	1.0064502491e-02	1.7552953059e-07 
5.4036631301e+01	1.0078354104e-02	1.7865911802e-07 
5.4664913418e+01	1.0093017650e-02	1.7815651835e-07 
5.5292931986e+01	1.0105056277e-02	1.7568556480e-07 
5.5921204966e+01	1.0114334051e-02	1.7512471256e-07 
5.6549959458e+01	1.0120029217e-02	1.7803426123e-07 
5.7177196475e+01	1.0123206760e-02	1.8217204869e-07 
5.7805502455e+01	1.0125888240e-02	1.8471908840e-07 
5.8435067213e+01	1.0128042709e-02	1.8622384833e-07 
5.9063296143e+01	1.0127057527e-02	1.8944555332e-07 
5.9690453733e+01	1.0121335164e-02	1.9446759951e-07 
6.0319180407e+01	1.0111949462e-02	1.9817037928e-07 
6.0947407565e+01	1.0100465112e-02	1.9810432866e-07 
6.1575405664e+01	1.0104527085e-02	1.9593417468e-07 
6.2203708084e+01	1.0108837265e-02	1.9560648780e-07 
6.2832483698e+01	1.0114856454e-02	1.9896096544e-07 
6.3461214552e+01	1.0120028050e-02	2.0346264953e-07 
6.4089458023e+01	1.0123814168e-02	2.0598386693e-07 
6.4717452724e+01	1.0126193702e-02	2.0717595597e-07 
6.5345719503e+01	1.0123806571e-02	2.1006985766e-07 
6.5974471930e+01	1.0118425544e-02	2.1535985081e-07 
6.6603259680e+01	1.0111281617e-02	2.1981893473e-07 
6.7231559108e+01	1.0101413519e-02	2.1993399719e-07 
6.7859539115e+01	1.0088832772e-02	2.1775262684e-07 
6.8487731376e+01	1.0074348799e-02	2.1812749491e-07 
6.9116411541e+01	1.0059536153e-02	2.2233048844e-07 
6.9743570441e+01	1.0049420989e-02	2.2742011996e-07 
7.0371788131e+01	1.0048986307e-02	2.3033972243e-07 
7.1001320982e+01	1.0050179899e-02	2.3159023681e-07 
7.1629579747e+01	1.0053724925e-02	2.3484313077e-07 
7.2256763659e+01	1.0071765639e-02	2.4059682360e-07 
7.2885461097e+01	1.0093719976e-02	2.4501734617e-07 
7.3513663983e+01	1.0112967406e-02	2.4490832905e-07 
7.4141628840e+01	1.0127730352e-02	2.4201214425e-07 
7.4771439839e+01	1.0138519432e-02	2.4170391813e-07 
7.5398625110e+01	1.0146744462e-02	2.4631170789e-07 
7.6027381637e+01	1.0151828623e-02	2.5209259045e-07 
7.6655644310e+01	1.0155742197e-02	2.5570657749e-07 
7.7283595272e+01	1.0157728599e-02	2.5810916220e-07 
7.7911762030e+01	1.0155831072e-02	2.6231260090e-07 
7.8540419906e+01	1.0148845048e-02	2.6899793029e-07 
7.9169120404e+01	1.0137499750e-02	2.7402874554e-07 
7.9797324233e+01	1.0123722326e-02	2.7343013762e-07 
8.0425266215e+01	1.0107373306e-02	2.6963027252e-07 
8.1053487478e+01	1.0095339791e-02	2.6869760834e-07 
8.1682193563e+01	1.0090833813e-02	2.7336324380e-07 
8.2310854957e+01	1.0091023649e-02	2.8011069695e-07 
8.2939019326e+01	1.0092710341e-02	2.8424642865e-07 
8.3566956928e+01	1.0096106465e-02	2.8669010814e-07 
8.4195198580e+01	1.0095747047e-02	2.9160214684e-07 
8.4823932574e+01	1.0091991873e-02	2.9928570365e-07 
8.5452656257e+01	1.0088488381e-02	3.0492120982e-07 
8.6080880981e+01	1.0085627654e-02	3.0462772482e-07 
8.6708803470e+01	1.0088445874e-02	3.0108528662e-07 
8.7336954747e+01	1.0092065274e-02	3.0076269769e-07 
8.7965600562e+01	1.0093486322e-02	3.0625267902e-07 
8.8594291579e+01	1.0095536583e-02	3.1335026803e-07 
8.9222479926e+01	1.0097489508e-02	3.1720627380e-07 
8.9850386724e+01	1.0101156539e-02	3.1902385652e-07 
9.0478558885e+01	1.0104048090e-02	3.2340986786e-07 
9.1107227307e+01	1.0101288676e-02	3.3145811499e-07 
9.1735854735e+01	1.0105754831e-02	3.3805709162e-07 
9.2363972777e+01	1.0128507447e-02	3.3835089931e-07 
9.2991875057e+01	1.0143241054e-02	3.3520352562e-07 
9.3620098816e+01	1.0151886404e-02	3.3554435689e-07 
9.4248817356e+01	1.0156797785e-02	3.4172835840e-07 
9.4877500191e+01	1.0163021299e-02	3.4951332186e-07 
9.5505679483e+01	1.0169272856e-02	3.5386939199e-07 
9.6133570137e+01	1.0171526349e-02	3.5574142882e-07 
9.6761707032e+01	1.0166818912e-02	3.6066950548e-07 
9.7390344379e+01	1.0159780375e-02	3.6979170251e-07 
9.8019025904e+01	1.0146864493e-02	3.7699232144e-07 
9.8647198079e+01	1.0129913744e-02	3.7694481547e-07 
9.9275072078e+01	1.0111093952e-02	3.7236694320e-07 
9.9903201116e+01	1.0094542781e-02	3.7175538898e-07 
1.0053183319e+02	1.0076651173e-02	3.7871045192e-07 
1.0116044977e+02	1.0062221041e-02	3.8766380712e-07 
1.0178854063e+02	1.0057495593e-02	3.9331971600e-07 
1.0241640567e+02	1.0060184131e-02	3.9706658335e-07 
1.0304459977e+02	1.0064887683e-02	4.0381900396e-07 
1.0367329145e+02	1.0070299938e-02	4.1444643455e-07 
1.0430193606e+02	1.0089675709e-02	4.2214126259e-07 
1.0493006873e+02	1.0112044013e-02	4.2101936042e-07 
1.0555792288e+02	1.0128243417e-02	4.1506307025e-07 
1.0618604005e+02	1.0140221957e-02	4.1355970635e-07 
1.0681466247e+02	1.0144472817e-02	4.2059842381e-07 
1.0744332906e+02	1.0150075366e-02	4.3072545835e-07 
1.0807147677e+02	1.0158183813e-02	4.3705668456e-07 
1.0869930986e+02	1.0157243014e-02	4.4083414252e-07 
1.0932894594e+02	1.0154991989e-02	4.4811895385e-07 
1.0995597809e+02	1.0147458691e-02	4.5945428455e-07 
1.1058457425e+02	1.0137664340e-02	4.6807488006e-07 
1.1121263960e+02	1.0139221419e-02	4.6780153997e-07 
1.1184202490e+02	1.0160075940e-02	4.6240182053e-07 
1.1247016878e+02	1.0164528030e-02	4.6201460106e-07 
1.1309881905e+02	1.0149351749e-02	4.7072913168e-07 
1.1372586609e+02	1.0153169651e-02	4.8193175441e-07 
1.1435551086e+02	1.0164003080e-02	4.8805273677e-07 
1.1498333071e+02	1.0173470850e-02	4.9052808510e-07 
1.1561142883e+02	1.0166143599e-02	4.9709434494e-07 
1.1624003782e+02	1.0148325825e-02	5.0934557159e-07 
1.1686869191e+02	1.0137738522e-02	5.1933014685e-07 
1.1749682102e+02	1.0122593689e-02	5.1968707507e-07 
1.1812461551e+02	1.0104525834e-02	5.1475015217e-07 
1.1875264181e+02	1.0085061806e-02	5.1517447591e-07 
1.1938118359e+02	1.0066049513e-02	5.2472639182e-07 
1.2000976045e+02	1.0051215085e-02	5.3656479455e-07 
1.2063780360e+02	1.0054551930e-02	5.4307365635e-07 
1.2126558526e+02	1.0081677764e-02	5.4605705034e-07 
1.2189523342e+02	1.0101208294e-02	5.5409282198e-07 
1.2252228105e+02	1.0114361134e-02	5.6840171418e-07 
1.2315083925e+02	1.0128707885e-02	5.7972845157e-07 
1.2377887043e+02	1.0169951748e-02	5.7985167140e-07 
1.2440820681e+02	1.0203267504e-02	5.7293529182e-07 
1.2503627978e+02	1.0192926071e-02	5.7161324458e-07 
1.2566487208e+02	1.0198094070e-02	5.8138513883e-07 
1.2629348720e+02	1.0194470667e-02	5.9464502194e-07 
1.2692157754e+02	1.0221810477e-02	6.0318289633e-07 
1.2754933528e+02	1.0237056307e-02	6.0858069868e-07 
1.2817731922e+02	1.0219671364e-02	6.1863564176e-07 
1.2880582352e+02	1.0187813145e-02	6.3482604692e-07 
1.2943437584e+02	1.0173848227e-02	6.4661978464e-07 
1.3006239229e+02	1.0155733761e-02	6.4480620041e-07 
1.3069169137e+02	1.0187710707e-02	6.3542993259e-07 
1.3131972751e+02	1.0186593860e-02	6.3325146106e-07 
1.3194828623e+02	1.0162320663e-02	6.4456441962e-07 
1.3257524505e+02	1.0142570666e-02	6.6066682255e-07 
1.3320478402e+02	1.0153399934e-02	6.7081796944e-07 
1.3383251702e+02	1.0170082013e-02	6.7687953947e-07 
1.3446056481e+02	1.0161963767e-02	6.8796876151e-07 
1.3508913660e+02	1.0142232749e-02	7.0524076880e-07 
1.3571770830e+02	1.0123533479e-02	7.1809329361e-07 
1.3634574301e+02	1.0142498306e-02	7.1720181388e-07 
1.3697345496e+02	1.0165616129e-02	7.0876747870e-07 
1.3760296734e+02	1.0159376606e-02	7.0815414453e-07 
1.3823144834e+02	1.0133154777e-02	7.2111648062e-07 
1.3885842322e+02	1.0134355917e-02	7.3768720239e-07 
1.3948796606e+02	1.0145031925e-02	7.4649123565e-07 
1.4011565298e+02	1.0155640327e-02	7.5006388474e-07 
1.4074363001e+02	1.0183949007e-02	7.5984504483e-07 
1.4137213987e+02	1.0183728345e-02	7.7856976958e-07 
1.4200060517e+02	1.0199541929e-02	7.9428123119e-07 
1.4262852600e+02	1.0279001603e-02	7.9573344937e-07 
1.4325776991e+02	1.0343068499e-02	7.8863191597e-07 
1.4388578814e+02	1.0318664430e-02	7.8913053397e-07 
1.4451433886e+02	1.0263578286e-02	8.0364140929e-07 
1.4514286103e+02	1.0240903071e-02	8.2170852167e-07 
1.4577083915e+02	1.0295234688e-02	8.3132685529e-07 
1.4639850509e+02	1.0338030426e-02	8.3557968645e-07 
1.4702798940e+02	1.0308133436e-02	8.4742956843e-07 
1.4765489518e+02	1.0250438771e-02	8.6902153500e-07 
1.4828340507e+02	1.0198327594e-02	8.8585576384e-07 
1.4891291774e+02	1.0191551914e-02	8.8517955099e-07 
1.4954055293e+02	1.0246969390e-02	8.7390265880e-07 
1.5016846863e+02	1.0229621938e-02	8.7144269404e-07 
1.5079692699e+02	1.0192217538e-02	8.8631881020e-07 
1.5142536568e+02	1.0160025026e-02	9.0695129197e-07 
1.5205323317e+02	1.0218627073e-02	9.2049461327e-07 
1.5268241552e+02	1.0293978942e-02	9.2946579145e-07 
1.5331039064e+02	1.0254794481e-02	9.4572673184e-07 
1.5393890842e+02	1.0205348440e-02	9.7089908133e-07 
1.5456737865e+02	1.0174782034e-02	9.8887654052e-07 
1.5519529286e+02	1.0254902451e-02	9.8613850931e-07 
1.5582446396e+02	1.0325286480e-02	9.7180155039e-07 
1.5645235483e+02	1.0319468166e-02	9.6788492829e-07 
1.5708079309e+02	1.0274794633e-02	9.8411009297e-07 
1.5770927897e+02	1.0243503032e-02	1.0076492918e-06 
1.5833719647e+02	1.0310100199e-02	1.0223590293e-06 
1.5896477442e+02	1.0384473409e-02	1.0305688006e-06 
1.5959418373e+02	1.0345745400e-02	1.0464303639e-06 
1.6022258821e+02	1.0298297237e-02	1.0722397897e-06 
1.6085099837e+02	1.0287438027e-02	1.0920021886e-06 
1.6147883021e+02	1.0418575436e-02	1.0910701869e-06 
1.6210639323e+02	1.0545188840e-02	1.0787378327e-06 
1.6273586356e+02	1.0503111641e-02	1.0784812802e-06 
1.6336432833e+02	1.0412800473e-02	1.0990946173e-06 
1.6399119243e+02	1.0332050001e-02	1.1248937352e-06 
1.6462060301e+02	1.0392656625e-02	1.1383978586e-06 
1.6524815975e+02	1.0501086386e-02	1.1433666629e-06 
1.6587757323e+02	1.0461949246e-02	1.1578578138e-06 
1.6650442851e+02	1.0361927792e-02	1.1855961036e-06 
1.6713288768e+02	1.0287281969e-02	1.2085641045e-06 
1.6776232396e+02	1.0314219420e-02	1.2098855275e-06 
1.6838984085e+02	1.0394649017e-02	1.1983580011e-06 
1.6901917922e+02	1.0335620199e-02	1.1985444842e-06 
1.6964752384e+02	1.0251531145e-02	1.2199604150e-06 
1.7027434539e+02	1.0202744727e-02	1.2466536501e-06 
1.7090369082e+02	1.0361865323e-02	1.2613019423e-06 
1.7153118915e+02	1.0574304298e-02	1.2682741209e-06 
1.7216058812e+02	1.0532219632e-02	1.2870276011e-06 
1.7278899518e+02	1.0443781633e-02	1.3205233584e-06 
1.7341735818e+02	1.0355515736e-02	1.3467134648e-06 
1.7404514273e+02	1.0541175501e-02	1.3461588934e-06 
1.7467263806e+02	1.0754920431e-02	1.3287819078e-06 
1.7530201432e+02	1.0691223013e-02	1.3239073593e-06 
1.7593039972e+02	1.0538439429e-02	1.3451373944e-06 
1.7655881659e+02	1.0458578926e-02	1.3757133902e-06 
1.7718665154e+02	1.0621291097e-02	1.3955669682e-06 
1.7781567527e+02	1.0835704704e-02	1.4082776501e-06 
1.7844339429e+02	1.0739385972e-02	1.4322588196e-06 
1.7907168569e+02	1.0560965187e-02	1.4699053587e-06 
1.7970002839e+02	1.0450435470e-02	1.4966532514e-06 
1.8032777353e+02	1.0652165184e-02	1.4919734963e-06 
1.8095676602e+02	1.0901586892e-02	1.4699321931e-06 
1.8158453505e+02	1.0798141732e-02	1.4643873010e-06 
1.8221288356e+02	1.0659826691e-02	1.4895095738e-06 
1.8284119102e+02	1.0511918069e-02	1.5255424219e-06 
1.8347046291e+02	1.0713149012e-02	1.5478382935e-06 
1.8409789153e+02	1.0947841952e-02	1.5599897989e-06 
1.8472566442e+02	1.0817929868e-02	1.5831998209e-06 
1.8535401688e+02	1.0611812934e-02	1.6213173785e-06 
1.8598237519e+02	1.0459507461e-02	1.6502755001e-06 
1.8661169400e+02	1.0635487795e-02	1.6484940254e-06 
1.8723909476e+02	1.0932888548e-02	1.6299212174e-06 
1.8786832672e+02	1.0895420865e-02	1.6292500130e-06 
1.8849658535e+02	1.0637020163e-02	1.6595314152e-06 
1.8912489406e+02	1.0442591069e-02	1.6978203045e-06 
1.8975258965e+02	1.0675799398e-02	1.7175102181e-06 
1.9038150912e+02	1.1115018556e-02	1.7245508420e-06 
1.9100920201e+02	1.1040049885e-02	1.7456969390e-06 
1.9163749017e+02	1.0862053001e-02	1.7874934540e-06 
1.9226573625e+02	1.0706557951e-02	1.8225609191e-06 
1.9289493302e+02	1.1099186962e-02	1.8246920217e-06 
1.9352229142e+02	1.1561291311e-02	1.8066280838e-06 
1.9415157582e+02	1.1397093810e-02	1.8056811728e-06 
1.9477989505e+02	1.1075552851e-02	1.8369054189e-06 
1.9540819500e+02	1.0870370749e-02	1.8764021345e-06 
1.9603588261e+02	1.1258595245e-02	1.8974695621e-06 
1.9666477347e+02	1.1856874477e-02	1.9075396961e-06 
1.9729240050e+02	1.1579139249e-02	1.9354244020e-06 
1.9792062579e+02	1.1142999800e-02	1.9855718355e-06 
1.9854890052e+02	1.0847680474e-02	2.0243744302e-06 
1.9917810262e+02	1.1151669176e-02	2.0225777642e-06 
1.9980538386e+02	1.1790434296e-02	1.9957013786e-06 
2.0043455233e+02	1.1531336034e-02	1.9875814440e-06 
2.0106277460e+02	1.1109304408e-02	2.0187562533e-06 
2.0169097102e+02	1.0845043823e-02	2.0641183843e-06 
2.0232008824e+02	1.1415632895e-02	2.0936626401e-06 
2.0294735622e+02	1.2019892330e-02	2.1125693315e-06 
2.0357657866e+02	1.1730422010e-02	2.1481300086e-06 
2.0420485819e+02	1.1258361301e-02	2.2034842419e-06 
2.0483309236e+02	1.0924272627e-02	2.2425961610e-06 
2.0546069776e+02	1.1498763705e-02	2.2350472298e-06 
2.0608951107e+02	1.2513671903e-02	2.2014765958e-06 
2.0671708883e+02	1.2244320856e-02	2.1921079981e-06 
2.0734528302e+02	1.1582196587e-02	2.2288449832e-06 
2.0797352251e+02	1.1106017520e-02	2.2822969781e-06 
2.0860267032e+02	1.1891901007e-02	2.3151553246e-06 
2.0923142947e+02	1.3137069060e-02	2.3319024523e-06 
2.0985895649e+02	1.2606562335e-02	2.3651567684e-06 
2.1048711280e+02	1.1791857920e-02	2.4212093111e-06 
2.1111527077e+02	1.1318837354e-02	2.4637692778e-06 
2.1174432589e+02	1.2156198723e-02	2.4605607646e-06 
2.1237306154e+02	1.3389618338e-02	2.4322846493e-06 
2.1300064196e+02	1.2940347762e-02	2.4307705387e-06 
2.1362885569e+02	1.2156759634e-02	2.4751939466e-06 
2.1425702834e+02	1.1608235709e-02	2.5307788106e-06 
2.1488610941e+02	1.2485520116e-02	2.5584960059e-06 
2.1551328109e+02	1.3979586421e-02	2.5672190561e-06 
2.1614235942e+02	1.3543517998e-02	2.5974852311e-06 
2.1677051421e+02	1.2435355787e-02	2.6586282406e-06 
2.1739871521e+02	1.1811540900e-02	2.7099026655e-06 
2.1802780366e+02	1.2664966598e-02	2.7126206911e-06 
2.1865491634e+02	1.4449238334e-02	2.6852368991e-06 
2.1928391321e+02	1.3532787110e-02	2.6825578945e-06 
2.1991200123e+02	1.2257154074e-02	2.7269533727e-06 
2.2054011477e+02	1.1604874490e-02	2.7841032624e-06 
2.2116910722e+02	1.2752802656e-02	2.8148954380e-06 
2.2179775089e+02	1.5002386717e-02	2.8294352064e-06 
2.2242524399e+02	1.3939352895e-02	2.8703011173e-06 
2.2305339225e+02	1.2621141247e-02	2.9440753027e-06 
2.2368149854e+02	1.1969670303e-02	3.0008786266e-06 
2.2431049294e+02	1.3584377656e-02	2.9968713084e-06 
2.2493913764e+02	1.6216530928e-02	2.9543464544e-06 
2.2556660261e+02	1.4962047374e-02	2.9396376190e-06 
2.2619472239e+02	1.3248585723e-02	2.9835582837e-06 
2.2682443612e+02	1.2550731353e-02	3.0495643995e-06 
2.2745190868e+02	1.4605602350e-02	3.0920151076e-06 
2.2808050229e+02	1.7707160787e-02	3.1186858423e-06 
2.2870941700e+02	1.5699814132e-02	3.1696765439e-06 
2.2933743725e+02	1.3757937946e-02	3.2495674417e-06 
2.2996550738e+02	1.2871782264e-02	3.3052216769e-06 
2.3059443745e+02	1.4717883188e-02	3.2921810000e-06 
2.3122142575e+02	1.7769493313e-02	3.2415009391e-06 
2.3185038310e+02	1.5898648350e-02	3.2270099844e-06 
2.3247846123e+02	1.3975984002e-02	3.2801077165e-06 
2.3310650267e+02	1.2675165076e-02	3.3574377627e-06 
2.3373540825e+02	1.5088357526e-02	3.4039827166e-06 
2.3436395796e+02	1.9644605993e-02	3.4264932026e-06 
2.3499135871e+02	1.6567120535e-02	3.4725709006e-06 
2.3561943797e+02	1.4434310270e-02	3.5519399169e-06 
2.3624908324e+02	1.3241020616e-02	3.6126145828e-06 
2.3687647499e+02	1.6290676432e-02	3.6072079986e-06 
2.3750498416e+02	1.9905000843e-02	3.5647801235e-06 
2.3813383821e+02	1.6406563560e-02	3.5605648853e-06 
2.3876182071e+02	1.3892750831e-02	3.6231301386e-06 
2.3938984925e+02	1.3054532730e-02	3.7020925970e-06 
2.4001871240e+02	1.6260401384e-02	3.7399131694e-06 
2.4064715904e+02	2.0604561954e-02	3.7499398232e-06 
2.4127446496e+02	1.7007134223e-02	3.7916727402e-06 
2.4190402950e+02	1.4465849460e-02	3.8799937507e-06 
2.4253200546e+02	1.3543643752e-02	3.9541967670e-06 
2.4315926340e+02	1.6951374572e-02	3.9568812344e-06 
2.4378771069e+02	2.1349502711e-02	3.9147461224e-06 
2.4441660349e+02	1.7801814838e-02	3.9077467385e-06 
2.4504464118e+02	1.4918673277e-02	3.9691042550e-06 
2.4567266555e+02	1.4012780959e-02	4.0492822006e-06 
2.4630152125e+02	1.8203115813e-02	4.0911692310e-06 
2.4692993465e+02	2.3181952927e-02	4.1099237558e-06 
2.4755872154e+02	1.9002918301e-02	4.1670129297e-06 
2.4818666357e+02	1.5597152179e-02	4.2709504847e-06 
2.4881465026e+02	1.4342736476e-02	4.3496930426e-06 
2.4944344132e+02	1.8286139767e-02	4.3398919984e-06 
2.5007177727e+02	2.2731153206e-02	4.2744655003e-06 
2.5070053865e+02	1.7804375842e-02	4.2490473733e-06 
2.5132847841e+02	1.5044932369e-02	4.3092113236e-06 
2.5195638754e+02	1.4076179632e-02	4.4024721092e-06 
2.5258510724e+02	1.8095199306e-02	4.4635553211e-06 
2.5321343536e+02	2.3478645523e-02	4.5013056181e-06 
2.5384068991e+02	1.8255705887e-02	4.5726405700e-06 
2.5447023966e+02	1.5429162470e-02	4.6854449798e-06 
2.5509819414e+02	1.4694419085e-02	4.7629180880e-06 
2.5572695301e+02	1.9679067450e-02	4.7411386587e-06 
2.5635526113e+02	2.4829650873e-02	4.6644345797e-06 
2.5698242816e+02	1.8115083067e-02	4.6393596667e-06 
2.5761189110e+02	1.5362818639e-02	4.7118428171e-06 
2.5823984002e+02	1.5151726995e-02	4.8186696585e-06 
2.5886856627e+02	1.8969619177e-02	4.8801895124e-06 
2.5949679111e+02	2.2841952655e-02	4.9060971515e-06 
2.6012389414e+02	1.8791903817e-02	4.9659324441e-06 
2.6075331583e+02	1.5359397764e-02	5.0750384008e-06 
2.6138118077e+02	1.5065519472e-02	5.1585303685e-06 
2.6200980658e+02	1.8919000466e-02	5.1493630083e-06 
2.6263800589e+02	2.2192134024e-02	5.0876844148e-06 
2.6326671268e+02	1.8873398058e-02	5.0799944787e-06 
2.6389463776e+02	1.5538758118e-02	5.1661867354e-06 
2.6452252669e+02	1.5493782381e-02	5.2741887060e-06 
2.6515118966e+02	1.9227841365e-02	5.3233904989e-06 
2.6577938734e+02	2.3423775213e-02	5.3325387316e-06 
2.6640803938e+02	1.8952211959e-02	5.3862649369e-06 
2.6703591118e+02	1.5744698658e-02	5.5058763628e-06 
2.6766382038e+02	1.4966032749e-02	5.6061163014e-06 
2.6829246667e+02	1.9437549877e-02	5.6055266991e-06 
2.6892057860e+02	2.3222842569e-02	5.5400507790e-06 
2.6954913692e+02	1.8162592814e-02	5.5225183577e-06 
2.7017849258e+02	1.5353246725e-02	5.6021877883e-06 
2.7080631387e+02	1.5527187221e-02	5.7103655426e-06 
2.7143486753e+02	1.9777689974e-02	5.7662087427e-06 
2.7206294052e+02	2.3116794952e-02	5.7903482166e-06 
2.7269154592e+02	1.8817311073e-02	5.8687810436e-06 
2.7331940715e+02	1.5780063708e-02	6.0129695264e-06 
2.7394723542e+02	1.5221099178e-02	6.1204838009e-06 
2.7457579829e+02	1.9458304144e-02	6.1015145914e-06 
2.7520387770e+02	2.3967660565e-02	6.0021409298e-06 
2.7583245905e+02	1.9078184873e-02	5.9585817947e-06 
2.7646029660e+02	1.5909671981e-02	6.0351020156e-06 
2.7708972629e+02	1.5291678385e-02	6.1593908589e-06 
2.7771830791e+02	1.9336598193e-02	6.2386545918e-06 
2.7834631472e+02	2.4574045994e-02	6.2843472928e-06 
2.7897478380e+02	2.0205318264e-02	6.3762972546e-06 
2.7960252277e+02	1.6025240731e-02	6.5249182332e-06 
2.8023030405e+02	1.5227937836e-02	6.6251972084e-06 
2.8085877415e+02	2.0042819325e-02	6.5890058043e-06 
2.8148671421e+02	2.4348161327e-02	6.4772307628e-06 
2.8211521575e+02	1.9110860188e-02	6.4373060560e-06 
2.8274456953e+02	1.6158125177e-02	6.5327309886e-06 
2.8337233861e+02	1.6017140291e-02	6.6759633810e-06 
2.8400081000e+02	2.1001160019e-02	6.7558101953e-06 
2.8462877043e+02	2.3705266788e-02	6.7844859949e-06 
2.8525727976e+02	2.0119018965e-02	6.8580112303e-06 
2.8588508636e+02	1.6090304255e-02	6.9986616374e-06 
2.8651446469e+02	1.5305110845e-02	7.1069363931e-06 
2.8714296442e+02	2.0589404025e-02	7.0884500447e-06 
2.8777085779e+02	2.3879087116e-02	6.9970681892e-06 
2.8839925784e+02	1.9519017584e-02	6.9789754623e-06 
2.8902696913e+02	1.6097975375e-02	7.0889366033e-06 
2.8965627359e+02	1.5958021818e-02	7.2285659641e-06 
2.9028467793e+02	2.1779917580e-02	7.2861776689e-06 
2.9091249235e+02	2.3766487806e-02	7.2885774910e-06 
2.9154088758e+02	2.0312755591e-02	7.3532365998e-06 
2.9216862800e+02	1.6248029642e-02	7.5094874307e-06 
2.9279790030e+02	1.6315367663e-02	7.6406961136e-06 
2.9342627184e+02	2.1115297257e-02	7.6334300049e-06 
2.9405409070e+02	2.5307651213e-02	7.5361587887e-06 
2.9468251999e+02	2.0071122788e-02	7.5012007476e-06 
2.9531029699e+02	1.6188145433e-02	7.5971696331e-06 
2.9593806568e+02	1.5980398505e-02	7.7330317763e-06 
2.9656648119e+02	2.1092964354e-02	7.7991941169e-06 
2.9719581984e+02	2.4477426907e-02	7.8235606270e-06 
2.9782414956e+02	2.0608210731e-02	7.9208834479e-06 
2.9845183895e+02	1.6417950367e-02	8.1058831336e-06 
2.9908111592e+02	1.6203441445e-02	8.2416009775e-06 
2.9970943921e+02	2.1528154704e-02	8.2050257500e-06 
3.0033711255e+02	2.6095277325e-02	8.0587600951e-06 
3.0096540227e+02	2.0221322133e-02	7.9858766338e-06 
3.0159309160e+02	1.6409912702e-02	8.0756113604e-06 
3.0222231138e+02	1.6570980088e-02	8.2336154981e-06 
3.0285059409e+02	2.2202363768e-02	8.3336308195e-06 
3.0347827492e+02	2.4312806374e-02	8.3867499172e-06 
3.0410661168e+02	2.1116628891e-02	8.4988109584e-06 
3.0473591364e+02	1.7249902944e-02	8.6851674156e-06 
3.0536363431e+02	1.6745815885e-02	8.8056844611e-06 
3.0599194753e+02	2.1457156385e-02	8.7450005797e-06 
3.0661960197e+02	2.5700853083e-02	8.5848701842e-06 
3.0724786407e+02	2.0222362624e-02	8.5203784757e-06 
3.0787709135e+02	1.6644071639e-02	8.6361458212e-06 
3.0850480043e+02	1.6857667593e-02	8.8146875830e-06 
3.0913306239e+02	2.2451741128e-02	8.9075876093e-06 
3.0976216547e+02	2.3446123890e-02	8.9300338946e-06 
3.1039034919e+02	2.0171877967e-02	9.0091656720e-06 
3.1101798764e+02	1.6703842804e-02	9.1781174176e-06 
3.1164717445e+02	1.6600317261e-02	9.3081757490e-06 
3.1227535584e+02	2.1201391986e-02	9.2749179162e-06 
3.1290288132e+02	2.4525384700e-02	9.1460657346e-06 
3.1353110715e+02	2.0148010819e-02	9.1101541798e-06 
3.1416036123e+02	1.6601356657e-02	9.2384452863e-06 
3.1478804014e+02	1.6871911833e-02	9.4030787589e-06 
3.1541626731e+02	2.2675463714e-02	9.4616195983e-06 
3.1604535691e+02	2.5420540982e-02	9.4477326405e-06 
3.1667355629e+02	2.0994913266e-02	9.5145860060e-06 
3.1730122779e+02	1.7534597033e-02	9.7029281241e-06 
3.1793048016e+02	1.6765172082e-02	9.8617792461e-06 
3.1855866707e+02	2.2247377251e-02	9.8428195871e-06 
3.1918608316e+02	2.5524586551e-02	9.7031911038e-06 
3.1981417146e+02	2.0175372330e-02	9.6391796945e-06 
3.2044332416e+02	1.7248113093e-02	9.7435436160e-06 
3.2107094504e+02	1.6765339264e-02	9.9013130214e-06 
3.2170060505e+02	2.1959076089e-02	9.9723089087e-06 
3.2232799236e+02	2.3341109013e-02	9.9913263519e-06 
3.2295612902e+02	2.1276661006e-02	1.0102276691e-05 
3.2358535411e+02	1.8167814772e-02	1.0323754412e-05 
3.2421301005e+02	1.6564598551e-02	1.0478974542e-05 
3.2484114414e+02	2.1654584723e-02	1.0413339495e-05 
3.2547009299e+02	2.4426241602e-02	1.0205372709e-05 
3.2609821928e+02	2.0288641928e-02	1.0090845672e-05 
3.2672588624e+02	1.7282829942e-02	1.0184135387e-05 
3.2735514077e+02	1.6897795806e-02	1.0368483898e-05 
3.2798327694e+02	2.1888106973e-02	1.0482005237e-05 
3.2861058435e+02	2.5200143521e-02	1.0534465861e-05 
3.2924016538e+02	2.1292358680e-02	1.0658190033e-05 
3.2986775058e+02	1.8157102758e-02	1.0871233531e-05 
3.3049692090e+02	1.6896050053e-02	1.1002228464e-05 
3.3112494667e+02	2.2471826540e-02	1.0908005104e-05 
3.3175217657e+02	2.4090315745e-02	1.0689636418e-05 
3.3238176430e+02	2.0816713395e-02	1.0589819326e-05 
3.3300940915e+02	1.7318800857e-02	1.0714610045e-05 
3.3363860125e+02	1.8612385725e-02	1.0918678084e-05 
3.3426666593e+02	2.2033676420e-02	1.1014462399e-05 
3.3489393460e+02	2.4942813074e-02	1.1018445434e-05 
3.3552356654e+02	2.1069664381e-02	1.1089637479e-05 
3.3615125170e+02	1.8248994172e-02	1.1273336142e-05 
3.3677895962e+02	1.8530261992e-02	1.1414897677e-05 
3.3740858383e+02	2.3157021301e-02	1.1360049119e-05 
3.3803576448e+02	2.4791336821e-02	1.1188895283e-05 
3.3866372654e+02	2.0672257228e-02	1.1129026694e-05 
3.3929287793e+02	1.7510423700e-02	1.1265446253e-05 
3.3992051135e+02	1.7429654204e-02	1.1443318911e-05 
3.4055004792e+02	2.1943623959e-02	1.1489570911e-05 
3.4117714675e+02	2.4350238735e-02	1.1445838289e-05 
3.4180665648e+02	2.1169782155e-02	1.1501334221e-05 
3.4243429626e+02	1.7827064345e-02	1.1706770941e-05 
3.4306193719e+02	1.7940491795e-02	1.1880522880e-05 
3.4369147734e+02	2.3084210948e-02	1.1840696649e-05 
3.4431859524e+02	2.4858348392e-02	1.1651001748e-05 
3.4494814063e+02	2.0613360877e-02	1.1546192607e-05 
3.4557583830e+02	1.7758749454e-02	1.1641792290e-05 
3.4620354477e+02	1.7800261053e-02	1.1804042408e-05 
3.4683312668e+02	2.3055710927e-02	1.1867514819e-05 
3.4746020705e+02	2.5264546963e-02	1.1871673937e-05 
3.4808968842e+02	2.1801860558e-02	1.1984879978e-05 
3.4871732389e+02	1.8786559532e-02	1.2226540226e-05 
3.4934653719e+02	1.8096333460e-02	1.2388922802e-05 
3.4997446086e+02	2.2971958551e-02	1.2284341619e-05 
3.5060297883e+02	2.4362931015e-02	1.2006775796e-05 
3.5123083820e+02	2.0486778010e-02	1.1837176816e-05 
3.5185846996e+02	1.7625797317e-02	1.1917108080e-05 
3.5248767254e+02	2.0139083801e-02	1.2113170095e-05 
3.5311560675e+02	2.3079029166e-02	1.2230761000e-05 
3.5374415343e+02	2.3659163006e-02	1.2274660787e-05 
3.5437207604e+02	2.1523446998e-02	1.2395490841e-05 
3.5500134466e+02	1.8713262093e-02	1.2615502283e-05 
3.5562906530e+02	2.0312257329e-02	1.2737613653e-05 
3.5625703241e+02	2.4911056419e-02	1.2601371778e-05 
3.5688555155e+02	2.4478431824e-02	1.2322212105e-05 
3.5751342306e+02	2.1190373614e-02	1.2181510447e-05 
3.5814265134e+02	1.7722638085e-02	1.2300842593e-05 
3.5877036053e+02	1.9630009769e-02	1.2510444397e-05 
3.5939826120e+02	2.2613083092e-02	1.2593238511e-05 
3.6002667708e+02	2.4555535732e-02	1.2564213808e-05 
3.6065603056e+02	2.1348394383e-02	1.2606830989e-05 
3.6128368062e+02	1.8957097135e-02	1.2782397544e-05 
3.6191290334e+02	1.9056204368e-02	1.2918971846e-05 
3.6254076976e+02	2.3298794368e-02	1.2840530625e-05 
3.6316918237e+02	2.5203588495e-02	1.2631447355e-05 
3.6379702016e+02	2.1602235400e-02	1.2542790697e-05 
3.6442473886e+02	1.7756147077e-02	1.2667435527e-05 
3.6505403368e+02	1.9749074188e-02	1.2835478172e-05 
3.6568195810e+02	2.2467562171e-02	1.2852952138e-05 
3.6631039041e+02	2.4074668340e-02	1.2768228101e-05 
3.6693825143e+02	2.1284263324e-02	1.2795399957e-05 
3.6756754885e+02	1.8067583145e-02	1.2996396100e-05 
3.6819531728e+02	2.0893537975e-02	1.3167343839e-05 
3.6882318696e+02	2.3330221875e-02	1.3102404907e-05 
3.6945150189e+02	2.3902516253e-02	1.2863543763e-05 
3.7008079633e+02	2.1345049097e-02	1.2711739502e-05 
3.7070846191e+02	1.8201874567e-02	1.2779476072e-05 
3.7133772953e+02	2.0102399946e-02	1.2925519864e-05 
3.7196556107e+02	2.2207903960e-02	1.2970707127e-05 
3.7259386257e+02	2.3291899183e-02	1.2956708507e-05 
3.7322165596e+02	2.0776192966e-02	1.3060051630e-05 
3.7385097200e+02	1.7883129764e-02	1.3300794047e-05 
3.7447876063e+02	2.0117104522e-02	1.3448908955e-05 
3.7510663518e+02	2.3723893711e-02	1.3301845466e-05 
3.7573496364e+02	2.4848597806e-02	1.2961113159e-05 
3.7636278275e+02	2.1488917582e-02	1.2734883338e-05 
3.7699213862e+02	1.7916739468e-02	1.2783514274e-05 
