0.0000000000e+00	8.1549276580e-01	7.2814095793e-08 
6.2861906678e-01	8.1521672156e-01	6.7783917598e-08 
1.2569697179e+00	8.1475712084e-01	6.2842536515e-08 
1.8851234712e+00	8.1414561958e-01	5.8342310499e-08 
2.5135861324e+00	8.1366505852e-01	5.4823572926e-08 
3.1424894183e+00	8.1382029987e-01	5.2082717487e-08 
3.7713687593e+00	8.1463629154e-01	4.8955138890e-08 
4.3982333692e+00	8.1560887674e-01	4.4780698689e-08 
5.0279758479e+00	8.1633116245e-01	4.0075680263e-08 
5.6564140077e+00	8.1670516875e-01	3.5467470251e-08 
6.2837626831e+00	8.1680924671e-01	3.1301211519e-08 
6.9126814860e+00	8.1680764680e-01	2.7716766393e-08 
7.5411539309e+00	8.1677190618e-01	2.4592995172e-08 
8.1693541298e+00	8.1668969941e-01	2.1952814933e-08 
8.7977765030e+00	8.1656658705e-01	2.0002452531e-08 
9.4250992900e+00	8.1647709772e-01	1.8587613651e-08 
1.0053989994e+01	8.1644548456e-01	1.7309072896e-08 
1.0682428959e+01	8.1647716178e-01	1.5946574535e-08 
1.1310648979e+01	8.1653871486e-01	1.4638709327e-08 
1.1939143386e+01	8.1673921607e-01	1.3577369836e-08 
1.2566515248e+01	8.1695218370e-01	1.2727524942e-08 
1.3195433503e+01	8.1714190310e-01	1.1890772200e-08 
1.3823904214e+01	8.1726613024e-01	1.0997370364e-08 
1.4452143383e+01	8.1729407282e-01	1.0071613159e-08 
1.5080638416e+01	8.1716214606e-01	9.1400757072e-09 
1.5708016317e+01	8.1696884954e-01	8.2718507321e-09 
1.6336946434e+01	8.1678618007e-01	7.4615884296e-09 
1.6965430184e+01	8.1664514148e-01	6.6284753885e-09 
1.7593658247e+01	8.1656548268e-01	5.8931283032e-09 
1.8222118580e+01	8.1648026561e-01	5.3755062382e-09 
1.8851030035e+01	8.1640595797e-01	4.9947732867e-09 
1.9478394361e+01	8.1636455532e-01	4.6307566407e-09 
2.0106875619e+01	8.1638544834e-01	4.2417980443e-09 
2.0735123731e+01	8.1643738646e-01	3.8773034973e-09 
2.1363622129e+01	8.1653536977e-01	3.5981250880e-09 
2.1992554216e+01	8.1667769894e-01	3.3583103370e-09 
2.2619924531e+01	8.1689205016e-01	3.1034114116e-09 
2.3248405360e+01	8.1712945137e-01	2.8138507534e-09 
2.3876654792e+01	8.1734611393e-01	2.4927072119e-09 
2.4505155943e+01	8.1750025476e-01	2.2168249039e-09 
2.5134097351e+01	8.1760906683e-01	2.0319837581e-09 
2.5761478671e+01	8.1769378600e-01	1.8815201552e-09 
2.6389969656e+01	8.1774879748e-01	1.7368680820e-09 
2.7018214174e+01	8.1777531946e-01	1.5993273227e-09 
2.7646697582e+01	8.1771457494e-01	1.4677509676e-09 
2.8275627458e+01	8.1761710292e-01	1.3457169095e-09 
2.8903004527e+01	8.1752929804e-01	1.2229600004e-09 
2.9531498415e+01	8.1746027364e-01	1.1014263981e-09 
3.0159758075e+01	8.1741289374e-01	9.9897918112e-10 
3.0788261075e+01	8.1738006409e-01	9.1310812083e-10 
3.1417200534e+01	8.1736683899e-01	8.4229378353e-10 
3.2044578037e+01	8.1738347604e-01	7.8194317132e-10 
3.2673064839e+01	8.1742594398e-01	7.1692105914e-10 
3.3301319548e+01	8.1746572369e-01	6.5433497385e-10 
3.3929824540e+01	8.1746871859e-01	6.0847684530e-10 
3.4558770222e+01	8.1745799149e-01	5.7282037839e-10 
3.5186155874e+01	8.1744913401e-01	5.3384742236e-10 
3.5814651204e+01	8.1745106767e-01	4.8737731947e-10 
3.6442905341e+01	8.1745270150e-01	4.4211403692e-10 
3.7071401992e+01	8.1744317333e-01	4.0467676402e-10 
3.7700341991e+01	8.1741407713e-01	3.7145169069e-10 
3.8327725535e+01	8.1739873716e-01	3.3786076320e-10 
3.8956222082e+01	8.1740313773e-01	3.0522699547e-10 
3.9584483509e+01	8.1742869102e-01	2.7579127316e-10 
4.0212990522e+01	8.1743603821e-01	2.5176431305e-10 
4.0841935742e+01	8.1744744121e-01	2.3565996567e-10 
4.1469319487e+01	8.1747668822e-01	2.2183219902e-10 
4.2097812277e+01	8.1752266083e-01	2.0312597591e-10 
4.2726070763e+01	8.1758636086e-01	1.8396657032e-10 
4.3354577738e+01	8.1761676850e-01	1.6981168448e-10 
4.3983525652e+01	8.1763443101e-01	1.5964209822e-10 
4.4610913627e+01	8.1765731357e-01	1.5154988315e-10 
4.5239411238e+01	8.1768333932e-01	1.4384702524e-10 
4.5867670163e+01	8.1769413284e-01	1.3509789637e-10 
4.6496173640e+01	8.1766234484e-01	1.2509241174e-10 
4.7125119054e+01	8.1761994547e-01	1.1366875755e-10 
4.7752506097e+01	8.1758246402e-01	1.0235912788e-10 
4.8381004100e+01	8.1755402243e-01	9.2360008567e-11 
4.9009265045e+01	8.1754004272e-01	8.3455268219e-11 
4.9637771892e+01	8.1750462310e-01	7.7701946724e-11 
5.0266720165e+01	8.1747656355e-01	7.4640016398e-11 
5.0894108192e+01	8.1747842915e-01	7.0919696306e-11 
5.1522605359e+01	8.1749573007e-01	6.6924539567e-11 
5.2150866386e+01	8.1752179077e-01	6.3913469300e-11 
5.2779374234e+01	8.1752327410e-01	6.1854019958e-11 
5.3408323067e+01	8.1751619824e-01	6.0409368931e-11 
5.4035712083e+01	8.1751237351e-01	5.8423549146e-11 
5.4664210793e+01	8.1751955218e-01	5.5436841671e-11 
5.5292472011e+01	8.1754259085e-01	5.2032253893e-11 
5.5920978632e+01	8.1753710560e-01	4.8422139451e-11 
5.6549926496e+01	8.1753020608e-01	4.5257267307e-11 
5.7177315095e+01	8.1753070347e-01	4.2652536470e-11 
5.7805813750e+01	8.1753651129e-01	3.9887928466e-11 
5.8434074861e+01	8.1755048145e-01	3.7441603342e-11 
5.9062581597e+01	8.1754032966e-01	3.5862503970e-11 
5.9691529743e+01	8.1752121007e-01	3.4622712924e-11 
6.0318918535e+01	8.1751227453e-01	3.3480567162e-11 
6.0947417559e+01	8.1751563419e-01	3.2358608554e-11 
6.1575679848e+01	8.1753283104e-01	3.1479057852e-11 
6.2204187997e+01	8.1753065993e-01	3.0983501520e-11 
6.2833137218e+01	8.1753160765e-01	3.0648179441e-11 
6.3460526739e+01	8.1753778291e-01	3.0290492721e-11 
6.4089025997e+01	8.1755264216e-01	2.9801607301e-11 
6.4717288087e+01	8.1756179055e-01	2.9031452104e-11 
6.5345795930e+01	8.1754491378e-01	2.8143191717e-11 
6.5974744829e+01	8.1752149982e-01	2.7298212459e-11 
6.6602134068e+01	8.1750600725e-01	2.6458213128e-11 
6.7230633050e+01	8.1749723627e-01	2.5586061790e-11 
6.7858894596e+01	8.1749630227e-01	2.4979914557e-11 
6.8487401781e+01	8.1748619025e-01	2.4630349229e-11 
6.9116350278e+01	8.1747587573e-01	2.4318077391e-11 
6.9743739377e+01	8.1747411438e-01	2.3975729932e-11 
7.0372238570e+01	8.1748293246e-01	2.3708898239e-11 
7.1000500901e+01	8.1749444604e-01	2.3609844483e-11 
7.1629009061e+01	8.1748653951e-01	2.3686336998e-11 
7.2257958332e+01	8.1747462371e-01	2.3807381124e-11 
7.2885348002e+01	8.1746900067e-01	2.3816831383e-11 
7.3513847475e+01	8.1747280884e-01	2.3616790682e-11 
7.4142109746e+01	8.1748821917e-01	2.3262152932e-11 
7.4770617732e+01	8.1748523376e-01	2.2944945551e-11 
7.5399566790e+01	8.1748333009e-01	2.2695141180e-11 
7.6026956258e+01	8.1748582256e-01	2.2405656116e-11 
7.6655455528e+01	8.1749320155e-01	2.2149373470e-11 
7.7283717402e+01	8.1749864552e-01	2.1957278645e-11 
7.7912224857e+01	8.1748618128e-01	2.1764360939e-11 
7.8541173590e+01	8.1746785207e-01	2.1574854281e-11 
7.9168562923e+01	8.1745829209e-01	2.1381998084e-11 
7.9797062293e+01	8.1745624093e-01	2.1240251043e-11 
8.0425324636e+01	8.1746240555e-01	2.1226945293e-11 
8.1053832733e+01	8.1745909865e-01	2.1323967010e-11 
8.1682782020e+01	8.1745823648e-01	2.1455971339e-11 
8.2310171796e+01	8.1746236350e-01	2.1516595729e-11 
8.2938671415e+01	8.1746933725e-01	2.1481703540e-11 
8.3566933700e+01	8.1747464499e-01	2.1440922422e-11 
8.4195441612e+01	8.1746312171e-01	2.1428309248e-11 
8.4824390683e+01	8.1744755233e-01	2.1400498735e-11 
8.5451780262e+01	8.1743955353e-01	2.1331703946e-11 
8.6080279740e+01	8.1743825290e-01	2.1244308120e-11 
8.6708541853e+01	8.1749772694e-01	2.1173382331e-11 
8.7337049514e+01	8.1743862644e-01	2.1128106210e-11 
8.7965998453e+01	8.1743780381e-01	2.1063396563e-11 
8.8593387992e+01	8.1743977474e-01	2.0968340879e-11 
8.9221887534e+01	8.1744193476e-01	2.0892940661e-11 
8.9850149865e+01	8.1757662388e-01	2.0885891969e-11 
9.0478657813e+01	8.1749229860e-01	2.0960187506e-11 
9.1107607003e+01	8.1742682983e-01	2.1042730496e-11 
9.1734996776e+01	8.1742118406e-01	2.1054488723e-11 
9.2363496486e+01	8.1742232702e-01	2.1012449772e-11 
9.2991758802e+01	8.1765198070e-01	2.0986680355e-11 
9.3620266658e+01	8.1755784043e-01	2.1001126026e-11 
9.4249215781e+01	8.1743080301e-01	2.1010110597e-11 
9.4876605514e+01	8.1743428151e-01	2.0980815805e-11 
9.5505105201e+01	8.1745510831e-01	2.0929186242e-11 
9.6133367423e+01	8.1776229117e-01	2.0892146999e-11 
9.6761875125e+01	8.1764996451e-01	2.0878721305e-11 
9.7390824147e+01	8.1742253693e-01	2.0850346862e-11 
9.8018213830e+01	8.1740995400e-01	2.0788424620e-11 
9.8646713545e+01	8.1751123799e-01	2.0728946472e-11 
9.9274975877e+01	8.1785984828e-01	2.0728419224e-11 
9.9903483712e+01	8.1773438422e-01	2.0789479573e-11 
1.0053243288e+02	8.1747224519e-01	2.0845711036e-11 
1.0115982267e+02	8.1741557439e-01	2.0849197641e-11 
1.0178832246e+02	8.1759569881e-01	2.0825791382e-11 
1.0241658478e+02	8.1799000588e-01	2.0833742640e-11 
1.0304509253e+02	8.1784506553e-01	2.0882786477e-11 
1.0367404160e+02	8.1754913221e-01	2.0921335751e-11 
1.0430143136e+02	8.1739607413e-01	2.0909654292e-11 
1.0492993118e+02	8.1767585663e-01	2.0867678935e-11 
1.0555819349e+02	8.1812016845e-01	2.0848839883e-11 
1.0618670118e+02	8.1795863741e-01	2.0859334691e-11 
1.0681565025e+02	8.1761968872e-01	2.0858004669e-11 
1.0744304001e+02	8.1743526193e-01	2.0817373944e-11 
1.0807153985e+02	8.1778890493e-01	2.0765300987e-11 
1.0869980216e+02	8.1829012549e-01	2.0759867067e-11 
1.0932830985e+02	8.1810216360e-01	2.0801333654e-11 
1.0995725893e+02	8.1771821531e-01	2.0833674498e-11 
1.1058464877e+02	8.1750779627e-01	2.0817593945e-11 
1.1121314872e+02	8.1789922580e-01	2.0779562127e-11 
1.1184141105e+02	8.1846301179e-01	2.0776421240e-11 
1.1246991867e+02	8.1825131971e-01	2.0815816164e-11 
1.1309886774e+02	8.1781051030e-01	2.0849985992e-11 
1.1372625761e+02	8.1758097408e-01	2.0837692660e-11 
1.1435475755e+02	8.1803912897e-01	2.0801914809e-11 
1.1498301985e+02	8.1867128956e-01	2.0794388403e-11 
1.1561152743e+02	8.1843038796e-01	2.0819963376e-11 
1.1624047646e+02	8.1793761072e-01	2.0834147276e-11 
1.1686786631e+02	8.1767456027e-01	2.0804534483e-11 
1.1749636632e+02	8.1817622234e-01	2.0760880783e-11 
1.1812462864e+02	8.1888515322e-01	2.0755656607e-11 
1.1875313619e+02	8.1861596260e-01	2.0792265995e-11 
1.1938052893e+02	8.1805899856e-01	2.0820889820e-11 
1.2000947510e+02	8.1776406941e-01	2.0803035212e-11 
1.2063797513e+02	8.1834189977e-01	2.0767789128e-11 
1.2126623746e+02	8.1917171541e-01	2.0769134455e-11 
1.2189474498e+02	8.1884941991e-01	2.0811924616e-11 
1.2252213769e+02	8.1823226613e-01	2.0846337559e-11 
1.2315108388e+02	8.1788673822e-01	2.0831660388e-11 
1.2377958398e+02	8.1851721370e-01	2.0793542667e-11 
1.2440784630e+02	8.2001518120e-01	2.0784588657e-11 
1.2503635375e+02	8.1970719814e-01	2.0813117223e-11 
1.2566374644e+02	8.1840148573e-01	2.0832682406e-11 
1.2629269264e+02	8.1800602317e-01	2.0807864220e-11 
1.2692119275e+02	8.1874523223e-01	2.0767209471e-11 
1.2754945505e+02	8.2129030541e-01	2.0761485398e-11 
1.2817796246e+02	8.2042070613e-01	2.0795886694e-11 
1.2880535513e+02	8.1864501975e-01	2.0821537847e-11 
1.2943430136e+02	8.1817746657e-01	2.0801364371e-11 
1.3006280154e+02	8.1898771578e-01	2.0762454992e-11 
1.3069106386e+02	8.2248385941e-01	2.0757732358e-11 
1.3131957122e+02	8.2208747129e-01	2.0794566290e-11 
1.3194696388e+02	8.1990173902e-01	2.0823426927e-11 
1.3257591013e+02	8.1834248293e-01	2.0807162601e-11 
1.3320441033e+02	8.2022636066e-01	2.0771433793e-11 
1.3383267264e+02	8.2421403476e-01	2.0767268450e-11 
1.3446117997e+02	8.2321027622e-01	2.0801212787e-11 
1.3508857261e+02	8.2067852005e-01	2.0826175665e-11 
1.3571751886e+02	8.1862105257e-01	2.0806583281e-11 
1.3634601912e+02	8.2095621334e-01	2.0767756488e-11 
1.3697428144e+02	8.2613059069e-01	2.0761257550e-11 
1.3760278871e+02	8.2553118968e-01	2.0793447169e-11 
1.3823018133e+02	8.2248704665e-01	2.0817017902e-11 
1.3885912760e+02	8.1955149642e-01	2.0797798930e-11 
1.3948762788e+02	8.2266046621e-01	2.0761027668e-11 
1.4011589020e+02	8.2855134802e-01	2.0757388403e-11 
1.4074439745e+02	8.2735690793e-01	2.0792885139e-11 
1.4137179005e+02	8.2361191597e-01	2.0821102622e-11 
1.4200073634e+02	8.2065382617e-01	2.0805954089e-11 
1.4262923668e+02	8.2409021193e-01	2.0769988070e-11 
1.4325749899e+02	8.3147411688e-01	2.0763500198e-11 
1.4388600618e+02	8.3051540735e-01	2.0793469308e-11 
1.4451339877e+02	8.2615097853e-01	2.0816560920e-11 
1.4514234506e+02	8.2189963258e-01	2.0799763039e-11 
1.4577084542e+02	8.2640878157e-01	2.0764689508e-11 
1.4639910774e+02	8.3489162545e-01	2.0758916891e-11 
1.4702761489e+02	8.3334480320e-01	2.0788233348e-11 
1.4765500746e+02	8.2791552070e-01	2.0812322844e-11 
1.4828395377e+02	8.2353272014e-01	2.0798167259e-11 
1.4891245419e+02	8.2862740528e-01	2.0764769631e-11 
1.4954071650e+02	8.3918866710e-01	2.0758314805e-11 
1.5016922360e+02	8.3770225918e-01	2.0785843253e-11 
1.5079661617e+02	8.3139469863e-01	2.0809526781e-11 
1.5142556248e+02	8.2515617982e-01	2.0798664288e-11 
1.5205406292e+02	8.3179382376e-01	2.0769408050e-11 
1.5268232523e+02	8.4405304555e-01	2.0763388534e-11 
1.5331083229e+02	8.4194278870e-01	2.0786957370e-11 
1.5393822483e+02	8.3423856787e-01	2.0809992854e-11 
1.5456717116e+02	8.2772955301e-01	2.0803069155e-11 
1.5519567166e+02	8.3513826533e-01	2.0776339760e-11 
1.5582393396e+02	8.5036775402e-01	2.0767465970e-11 
1.5645244097e+02	8.4814573479e-01	2.0785506293e-11 
1.5707983350e+02	8.3902317222e-01	2.0805323371e-11 
1.5770877984e+02	8.3038038432e-01	2.0803073556e-11 
1.5833728033e+02	8.3958193979e-01	2.0783463060e-11 
1.5896554264e+02	8.5742099055e-01	2.0774945857e-11 
1.5959404961e+02	8.5440773258e-01	2.0784873888e-11 
1.6022144210e+02	8.4336828490e-01	2.0803825892e-11 
1.6085038845e+02	8.3387385908e-01	2.0810856707e-11 
1.6147888902e+02	8.4458772992e-01	2.0797888567e-11 
1.6210715130e+02	8.6682658025e-01	2.0785295300e-11 
1.6273565822e+02	8.6347692202e-01	2.0786488326e-11 
1.6336305071e+02	8.5018649900e-01	2.0801985226e-11 
1.6399199706e+02	8.3780842684e-01	2.0821424304e-11 
1.6462049760e+02	8.5102714473e-01	2.0824426954e-11 
1.6524875990e+02	8.7723045219e-01	2.0811294485e-11 
1.6587726677e+02	8.7276103587e-01	2.0791992140e-11 
1.6650465922e+02	8.5662554069e-01	2.0801276813e-11 
1.6713360557e+02	8.4281008885e-01	2.0837220749e-11 
1.6776210618e+02	8.5855252536e-01	2.0852892187e-11 
1.6839036841e+02	8.9152835327e-01	2.0832148885e-11 
1.6901887521e+02	8.8614625529e-01	2.0796902089e-11 
1.6964626766e+02	8.6650173777e-01	2.0802213250e-11 
1.7027521402e+02	8.4859828540e-01	2.0866970320e-11 
1.7090371459e+02	8.6813964326e-01	2.0917826540e-11 
1.7153197687e+02	9.0701752171e-01	2.0895772825e-11 
1.7216048366e+02	9.0002751407e-01	2.0816870040e-11 
1.7278787603e+02	8.7597352185e-01	2.0808328366e-11 
1.7341682235e+02	8.5570405591e-01	2.0907565959e-11 
1.7404532299e+02	8.7956347793e-01	2.0984651804e-11 
1.7467358514e+02	9.2917579664e-01	2.0946638316e-11 
1.7530209181e+02	9.1977171533e-01	2.0833909057e-11 
1.7592948422e+02	8.9018982076e-01	2.0817767898e-11 
1.7655843056e+02	8.6432878473e-01	2.0978785090e-11 
1.7718693111e+02	8.9397256110e-01	2.1130952042e-11 
1.7781519334e+02	9.5237792195e-01	2.1089504402e-11 
1.7844370003e+02	9.4050678177e-01	2.0884480458e-11 
1.7907109230e+02	9.0412534459e-01	2.0838121350e-11 
1.7970003855e+02	8.7419575416e-01	2.1070960464e-11 
1.8032853918e+02	9.1161696487e-01	2.1278033404e-11 
1.8095680117e+02	9.8722282128e-01	2.1204544782e-11 
1.8158530768e+02	9.6953426946e-01	2.0931181923e-11 
1.8221270004e+02	9.2433665022e-01	2.0871224822e-11 
1.8284164632e+02	8.8702487893e-01	2.1235578771e-11 
1.8347014681e+02	9.3361248696e-01	2.1602919036e-11 
1.8409840884e+02	1.0221992645e+00	2.1523897815e-11 
1.8472691542e+02	9.9997974968e-01	2.1057545852e-11 
1.8535430750e+02	9.4385238128e-01	2.0931002987e-11 
1.8598325360e+02	9.0054380139e-01	2.1441355962e-11 
1.8661175416e+02	9.6103019701e-01	2.1922170857e-11 
1.8724001576e+02	1.0771807015e+00	2.1784213892e-11 
1.8786852209e+02	1.0414765233e+00	2.1180268807e-11 
1.8849591439e+02	9.7137156181e-01	2.1024553731e-11 
1.8912486059e+02	9.2100342783e-01	2.1805136571e-11 
1.8975336091e+02	9.9445763856e-01	2.2625884613e-11 
1.9038162196e+02	1.1271925827e+00	2.2482957154e-11 
1.9101012839e+02	1.0836575745e+00	2.1491248327e-11 
1.9163752019e+02	9.9614665556e-01	2.1188019849e-11 
1.9226646601e+02	9.3789329474e-01	2.2252961234e-11 
1.9289496644e+02	1.0361722112e+00	2.3306088119e-11 
1.9352322659e+02	1.2122808232e+00	2.3081604380e-11 
1.9415173274e+02	1.1388651592e+00	2.1819678329e-11 
1.9477912497e+02	1.0302412464e+00	2.1441042349e-11 
1.9540807106e+02	9.6958077428e-01	2.3036558276e-11 
1.9603657102e+02	1.0847061497e+00	2.4807362855e-11 
1.9666482795e+02	1.2716431046e+00	2.4603237658e-11 
1.9729333364e+02	1.1894126815e+00	2.2596117022e-11 
1.9792072495e+02	1.0559219587e+00	2.1875278924e-11 
1.9854967029e+02	9.8887907768e-01	2.3977886122e-11 
1.9917817055e+02	1.1454294448e+00	2.6217562665e-11 
1.9980642606e+02	1.3967966709e+00	2.5974571612e-11 
2.0043493077e+02	1.2518425629e+00	2.3458352151e-11 
2.0106232291e+02	1.0917266541e+00	2.2526215977e-11 
2.0169126879e+02	1.0299818698e+00	2.5616245181e-11 
2.0231976805e+02	1.2052468726e+00	2.9353443133e-11 
2.0294801597e+02	1.4603543237e+00	2.9281139508e-11 
2.0357651348e+02	1.2955054616e+00	2.5350245684e-11 
2.0420390398e+02	1.1077896076e+00	2.3602753088e-11 
2.0483284859e+02	1.0462919144e+00	2.7504324347e-11 
2.0546134864e+02	1.2860898365e+00	3.2154332759e-11 
2.0608959368e+02	1.6042331037e+00	3.2229731262e-11 
2.0671808707e+02	1.3476108723e+00	2.7404777683e-11 
2.0734547911e+02	1.1373125702e+00	2.5107278110e-11 
2.0797442456e+02	1.0864413991e+00	3.0779301872e-11 
2.0860292237e+02	1.3470431720e+00	3.8387079366e-11 
2.0923115325e+02	1.6403922585e+00	3.8938767873e-11 
2.0985962706e+02	1.3620068348e+00	3.1427859875e-11 
2.1048701350e+02	1.1346240323e+00	2.7437068880e-11 
2.1111595710e+02	1.0881234680e+00	3.4244416112e-11 
2.1174445684e+02	1.4220915909e+00	4.3307989522e-11 
2.1237268166e+02	1.7783565849e+00	4.4342531092e-11 
2.1300114524e+02	1.3911093501e+00	3.5534640812e-11 
2.1362852994e+02	1.1734275136e+00	3.0542770408e-11 
2.1425747443e+02	1.1233122872e+00	4.0408041575e-11 
2.1488596956e+02	1.4742736883e+00	5.4300823820e-11 
2.1551417265e+02	1.7513715463e+00	5.5864636855e-11 
2.1614260586e+02	1.3866008410e+00	4.2568627596e-11 
2.1676997857e+02	1.1561909394e+00	3.5231908633e-11 
2.1739892076e+02	1.1113441717e+00	4.5936025806e-11 
2.1802741979e+02	1.4950299288e+00	6.0948653566e-11 
2.1865561145e+02	1.8677577630e+00	6.3430608152e-11 
2.1928402356e+02	1.4209071854e+00	4.9507784641e-11 
2.1991294596e+02	1.1857579458e+00	4.2146434110e-11 
2.2054033183e+02	1.1753585147e+00	5.7369984638e-11 
2.2116882274e+02	1.5264662890e+00	7.7055909885e-11 
2.2179698477e+02	1.8350205025e+00	7.8508055772e-11 
2.2242535469e+02	1.3928591176e+00	5.9435646400e-11 
2.2305425794e+02	1.1720857324e+00	5.1302212705e-11 
2.2368164086e+02	1.1884284382e+00	6.5314383503e-11 
2.2431013616e+02	1.5331618843e+00	8.3267773896e-11 
2.2493827879e+02	1.8758569644e+00	8.5358579844e-11 
2.2556661257e+02	1.4402541695e+00	6.8481468305e-11 
2.2619549870e+02	1.1939536319e+00	6.4345573408e-11 
2.2682443848e+02	1.2314038116e+00	8.4925457144e-11 
2.2745136621e+02	1.5671633863e+00	1.0393647040e-10 
2.2808103466e+02	1.8495298092e+00	1.0034154340e-10 
2.2870931318e+02	1.3938536982e+00	7.8507804148e-11 
2.2933661161e+02	1.1789469059e+00	7.5426064771e-11 
2.2996554760e+02	1.2479831476e+00	9.0840428027e-11 
2.3059404093e+02	1.6024149320e+00	1.0539289472e-10 
2.3122212385e+02	1.8731275856e+00	1.0351699530e-10 
2.3185035900e+02	1.4534043442e+00	8.5901450859e-11 
2.3247918622e+02	1.1958047056e+00	8.9083045843e-11 
2.3310656357e+02	1.2660545082e+00	1.1332459729e-10 
2.3373504661e+02	1.6132015298e+00	1.2809153610e-10 
2.3436309070e+02	1.8600906923e+00	1.1862811762e-10 
2.3499127077e+02	1.4022520027e+00	9.5914530732e-11 
2.3562006419e+02	1.1805680669e+00	9.7756059758e-11 
2.3624899457e+02	1.2550961129e+00	1.1351170447e-10 
2.3687748430e+02	1.6247055190e+00	1.2676039640e-10 
2.3750550123e+02	1.8968119100e+00	1.2353411041e-10 
2.3813363277e+02	1.4626521754e+00	1.0410338260e-10 
2.3876239347e+02	1.1981909378e+00	1.0880603307e-10 
2.3938976156e+02	1.2670742205e+00	1.3427568513e-10 
2.4001824067e+02	1.6447738303e+00	1.5023493872e-10 
2.4064621716e+02	1.8964737487e+00	1.4174376714e-10 
2.4127585201e+02	1.4186754745e+00	1.1827970554e-10 
2.4190302341e+02	1.1870415726e+00	1.1801620289e-10 
2.4253194491e+02	1.2668395882e+00	1.3284458049e-10 
2.4316042961e+02	1.6450912304e+00	1.5206735697e-10 
2.4378837828e+02	1.9163475103e+00	1.5538027876e-10 
2.4441641077e+02	1.4520751344e+00	1.3463448662e-10 
2.4504510827e+02	1.2027844709e+00	1.3348010332e-10 
2.4567402482e+02	1.2960220254e+00	1.5514216941e-10 
2.4630094156e+02	1.6727479398e+00	1.7649645585e-10 
2.4693041055e+02	1.9255305581e+00	1.7826298790e-10 
2.4755838934e+02	1.4467732126e+00	1.5911098438e-10 
2.4818705857e+02	1.1985868739e+00	1.5547747012e-10 
2.4881441631e+02	1.2828926855e+00	1.6248316491e-10 
2.4944289535e+02	1.6759796140e+00	1.8401337368e-10 
2.5007077168e+02	1.9725383447e+00	1.9887787569e-10 
2.5070026843e+02	1.4648217995e+00	1.8528210063e-10 
2.5132891211e+02	1.2113562907e+00	1.8096543203e-10 
2.5195626608e+02	1.3185173369e+00	1.8827636451e-10 
2.5258473990e+02	1.7064220899e+00	2.0585162999e-10 
2.5321257797e+02	1.9148105581e+00	2.1868121978e-10 
2.5384202478e+02	1.4700249671e+00	2.1357986364e-10 
2.5446908849e+02	1.2109142378e+00	2.1259941657e-10 
2.5509799544e+02	1.2991507375e+00	2.0438812927e-10 
2.5572647238e+02	1.6875103946e+00	2.1737789217e-10 
2.5635427876e+02	1.9435957411e+00	2.4145764069e-10 
2.5698368519e+02	1.4753977268e+00	2.4051877162e-10 
2.5761072721e+02	1.2070991389e+00	2.3808358891e-10 
2.5823962980e+02	1.3476616641e+00	2.2717941675e-10 
2.5886810302e+02	1.7651030166e+00	2.3379032892e-10 
2.5949587241e+02	1.9586995495e+00	2.5429857128e-10 
2.6012523138e+02	1.4945182543e+00	2.6329646007e-10 
2.6075224969e+02	1.2044793936e+00	2.6420265171e-10 
2.6138114714e+02	1.3121844608e+00	2.3931460948e-10 
2.6200962111e+02	1.7149549493e+00	2.4489466138e-10 
2.6263736057e+02	1.9693624579e+00	2.7755635135e-10 
2.6326668153e+02	1.4869038076e+00	2.8705111065e-10 
2.6389523676e+02	1.2141930379e+00	2.8341655005e-10 
2.6452257642e+02	1.3253934368e+00	2.5781346139e-10 
2.6515104739e+02	1.8081414992e+00	2.5985324032e-10 
2.6577875056e+02	1.9641120649e+00	2.8982184401e-10 
2.6640802439e+02	1.4763437162e+00	3.0740572536e-10 
2.6703655468e+02	1.2269736992e+00	3.0213460446e-10 
2.6766388977e+02	1.3314802542e+00	2.6433937152e-10 
2.6829236050e+02	1.7494065134e+00	2.7274255418e-10 
2.6892159313e+02	1.9798767023e+00	3.1904591224e-10 
2.6954927093e+02	1.4953072903e+00	3.3434224976e-10 
2.7017778357e+02	1.2277236969e+00	3.2373778942e-10 
2.7080667612e+02	1.3717839269e+00	2.8785472149e-10 
2.7143514783e+02	1.8670077834e+00	2.9249727697e-10 
2.7206278245e+02	2.0114628414e+00	3.3590262212e-10 
2.7269041227e+02	1.4980429651e+00	3.5980247911e-10 
2.7331890069e+02	1.2233265046e+00	3.4453983972e-10 
2.7394778939e+02	1.3627225842e+00	2.9448671560e-10 
2.7457626087e+02	1.8319209929e+00	3.0967670869e-10 
2.7520386500e+02	1.9922619049e+00	3.7253900526e-10 
2.7583301574e+02	1.5112750583e+00	3.9425329075e-10 
2.7646148596e+02	1.2387537265e+00	3.7669984715e-10 
2.7708882057e+02	1.3550371935e+00	3.3014498082e-10 
2.7771729007e+02	1.9159818537e+00	3.3496985203e-10 
2.7834641553e+02	2.0470403706e+00	3.9365314154e-10 
2.7897396055e+02	1.5048966186e+00	4.2652841108e-10 
2.7960240835e+02	1.2403228141e+00	4.0239121624e-10 
2.8023129683e+02	1.3779017802e+00	3.3733972865e-10 
2.8085976929e+02	1.9222807081e+00	3.5684450487e-10 
2.8148730304e+02	2.1162954785e+00	4.3771213705e-10 
2.8211637052e+02	1.5135377862e+00	4.7055028845e-10 
2.8274480148e+02	1.2451737167e+00	4.4790386090e-10 
2.8337213711e+02	1.3911000271e+00	3.8527536840e-10 
2.8400060804e+02	1.9509126985e+00	3.8816977151e-10 
2.8462966094e+02	2.1016942720e+00	4.6565757661e-10 
2.8525712627e+02	1.5144726781e+00	5.1208722867e-10 
2.8588553679e+02	1.2410450650e+00	4.7745300624e-10 
2.8651442549e+02	1.4118254742e+00	3.9213519273e-10 
2.8714289814e+02	1.9841994595e+00	4.1632466375e-10 
2.8777035974e+02	2.2138457587e+00	5.2177841877e-10 
2.8839934946e+02	1.5358354418e+00	5.6957147483e-10 
2.8902774612e+02	1.2680146265e+00	5.3654563680e-10 
2.8965508230e+02	1.4412320923e+00	4.5172147522e-10 
2.9028355337e+02	1.9721761415e+00	4.5869432043e-10 
2.9091253255e+02	2.1816314012e+00	5.6590880605e-10 
2.9153992387e+02	1.5130795275e+00	6.2675022839e-10 
2.9216830205e+02	1.2665119535e+00	5.6926710857e-10 
2.9279719098e+02	1.4649955891e+00	4.5781997900e-10 
2.9342566214e+02	2.0152269469e+00	4.9963305607e-10 
2.9405460664e+02	2.3167347878e+00	6.4401855834e-10 
2.9468196559e+02	1.5877412215e+00	7.0367179715e-10 
2.9531033240e+02	1.3273768770e+00	6.4276309380e-10 
2.9593922567e+02	1.4599366812e+00	5.2921940172e-10 
2.9656769888e+02	2.0675922814e+00	5.5732733630e-10 
2.9719504150e+02	2.2273568759e+00	7.1168120655e-10 
2.9782391882e+02	1.5524552675e+00	7.8341224510e-10 
2.9845226874e+02	1.3018116988e+00	6.8364735335e-10 
2.9908115888e+02	1.4864684945e+00	5.3960076044e-10 
2.9970806892e+02	2.0425297007e+00	6.1496207476e-10 
3.0033693811e+02	2.4092895346e+00	8.1620950373e-10 
3.0096578434e+02	1.6489688234e+00	8.8130242554e-10 
3.0159412437e+02	1.3933784230e+00	7.7295776011e-10 
3.0222145890e+02	1.4828924320e+00	6.2281896697e-10 
3.0284992896e+02	2.1830625154e+00	6.8580415679e-10 
3.0347875448e+02	2.3825652527e+00	9.0626369858e-10 
3.0410756279e+02	1.5955925497e+00	9.8567171548e-10 
3.0473588770e+02	1.3350240957e+00	8.2629989545e-10 
3.0536321758e+02	1.5161538883e+00	6.3871366682e-10 
3.0599168537e+02	2.1961320380e+00	7.5670959694e-10 
3.0662047770e+02	2.3911204361e+00	1.0315281226e-09 
3.0724925658e+02	1.6413667912e+00	1.1040771116e-09 
3.0787757043e+02	1.4098750454e+00	9.3203863434e-10 
3.0850490075e+02	1.5275793726e+00	7.2868016469e-10 
3.0913337172e+02	2.2809296266e+00	8.3040140724e-10 
3.0976212093e+02	2.3710340313e+00	1.1310358315e-09 
3.1039086194e+02	1.6325049289e+00	1.2222179237e-09 
3.1101916358e+02	1.3976959124e+00	9.9117874790e-10 
3.1164648616e+02	1.5878121242e+00	7.4516488057e-10 
3.1227495650e+02	2.2870731884e+00	9.0441222901e-10 
3.1290367468e+02	2.4051531907e+00	1.2572399577e-09 
3.1353238544e+02	1.6472314366e+00	1.3401358468e-09 
3.1416067290e+02	1.4041932542e+00	1.0986261913e-09 
3.1478799793e+02	1.5854391838e+00	8.3454619429e-10 
3.1541647278e+02	2.3419231835e+00	9.7058973356e-10 
3.1604514801e+02	2.4085632905e+00	1.3462312713e-09 
3.1667382253e+02	1.7163428460e+00	1.4479048442e-09 
3.1730210124e+02	1.4770900957e+00	1.1504555717e-09 
3.1792941793e+02	1.6442376449e+00	8.5187981667e-10 
3.1855789494e+02	2.3446771744e+00	1.0432621949e-09 
3.1918654150e+02	2.3940063695e+00	1.4519686281e-09 
3.1981518322e+02	1.7148108072e+00	1.5309574701e-09 
3.2044344411e+02	1.4967343243e+00	1.2300096090e-09 
3.2107076717e+02	1.6260489882e+00	9.3012043517e-10 
3.2169924972e+02	2.3827538559e+00	1.1006642232e-09 
3.2232785261e+02	2.3828668039e+00	1.5167361752e-09 
3.2295646067e+02	1.7701865906e+00	1.6031272867e-09 
3.2358471641e+02	1.5538228900e+00	1.2579410364e-09 
3.2421358974e+02	1.6837236315e+00	9.4856138991e-10 
3.2484208219e+02	2.3900765263e+00	1.1750074559e-09 
3.2546909535e+02	2.3924123220e+00	1.5973350430e-09 
3.2609766859e+02	1.7658829530e+00	1.6425496816e-09 
3.2672590356e+02	1.5455738431e+00	1.3017104973e-09 
3.2735478655e+02	1.7053485454e+00	1.0108970651e-09 
3.2798328784e+02	2.4096455345e+00	1.2214184567e-09 
3.2861181459e+02	2.3820834578e+00	1.6400196992e-09 
3.2924035380e+02	1.8252202684e+00	1.6845502825e-09 
3.2986858597e+02	1.6247624575e+00	1.3172947326e-09 
3.3049590733e+02	1.7115989069e+00	1.0396716791e-09 
3.3112441878e+02	2.5442818635e+00	1.2948171010e-09 
3.3175291612e+02	2.3652769549e+00	1.6948610882e-09 
3.3238142236e+02	1.7825695461e+00	1.6894980845e-09 
3.3300963308e+02	1.5606750296e+00	1.3381546859e-09 
3.3363852389e+02	1.8234057673e+00	1.0886724818e-09 
3.3426547850e+02	2.4749260800e+00	1.3261867010e-09 
3.3489393100e+02	2.3619377969e+00	1.7135106159e-09 
3.3552240582e+02	1.8571741939e+00	1.7111174402e-09 
3.3615061306e+02	1.6586074515e+00	1.3505892814e-09 
3.3677949962e+02	1.8120391966e+00	1.1247351007e-09 
3.3740802636e+02	2.6600334014e+00	1.3958991148e-09 
3.3803644614e+02	2.3487468313e+00	1.7492619678e-09 
3.3866488966e+02	1.8307856862e+00	1.6982282125e-09 
3.3929307666e+02	1.6079116365e+00	1.3620000325e-09 
3.3992041812e+02	1.9262688566e+00	1.1633106825e-09 
3.4054893326e+02	2.5231865390e+00	1.4133790345e-09 
3.4117730870e+02	2.3913711961e+00	1.7556034166e-09 
3.4180572105e+02	1.8834881011e+00	1.7166562367e-09 
3.4243390457e+02	1.6771990955e+00	1.3755677438e-09 
3.4306280086e+02	1.9012855114e+00	1.1985640552e-09 
3.4369132855e+02	2.6676711833e+00	1.4794832225e-09 
3.4431967316e+02	2.3341669513e+00	1.7888938934e-09 
3.4494805827e+02	1.8518168843e+00	1.7083187047e-09 
3.4557622262e+02	1.6630988082e+00	1.3948152902e-09 
3.4620357420e+02	2.0133718369e+00	1.2333355816e-09 
3.4683208863e+02	2.5783467580e+00	1.4862886691e-09 
3.4746038904e+02	2.3900856124e+00	1.7974014620e-09 
3.4808874314e+02	1.8837653003e+00	1.7382492792e-09 
3.4871690470e+02	1.7138514858e+00	1.4110020024e-09 
3.4934581258e+02	1.9810761760e+00	1.2600864808e-09 
3.4997433871e+02	2.6654271095e+00	1.5481573999e-09 
3.5060260838e+02	2.2788685167e+00	1.8380926577e-09 
3.5123093693e+02	1.8608998966e+00	1.7487665514e-09 
3.5185908073e+02	1.7076730922e+00	1.4450732428e-09 
3.5248799735e+02	2.0913384506e+00	1.2952256723e-09 
3.5311651621e+02	2.5957310649e+00	1.5558156564e-09 
3.5374473647e+02	2.3611509850e+00	1.8608911607e-09 
3.5437303372e+02	1.8772849235e+00	1.7937075649e-09 
3.5500117802e+02	1.7313771662e+00	1.4588780402e-09 
3.5562853857e+02	2.0582115301e+00	1.3080249468e-09 
3.5625706614e+02	2.6586136005e+00	1.6110994690e-09 
3.5688525966e+02	2.2490348041e+00	1.9154239265e-09 
3.5751353498e+02	1.8623337934e+00	1.8320760333e-09 
3.5814166078e+02	1.7425656538e+00	1.5115301262e-09 
3.5877058012e+02	2.1517788717e+00	1.3475789275e-09 
3.5939910004e+02	2.6055790771e+00	1.6231854858e-09 
3.6002724412e+02	2.3846664513e+00	1.9523403735e-09 
3.6065548813e+02	1.8922242686e+00	1.8924050592e-09 
3.6128361536e+02	1.7381417182e+00	1.5326564659e-09 
3.6191253754e+02	2.1339394485e+00	1.3591912559e-09 
3.6254106977e+02	2.6963282545e+00	1.6774412826e-09 
3.6316917911e+02	2.2696756311e+00	2.0153088252e-09 
3.6379739980e+02	1.8933045912e+00	1.9495055435e-09 
3.6442551032e+02	1.7639130943e+00	1.6016485093e-09 
3.6505443266e+02	2.2080088074e+00	1.4093396610e-09 
3.6568139546e+02	2.6399046091e+00	1.6960389693e-09 
3.6631101702e+02	2.4093445198e+00	2.0586526456e-09 
3.6693920604e+02	1.9424614652e+00	2.0176772372e-09 
3.6756731690e+02	1.7694142846e+00	1.6398447387e-09 
3.6819468496e+02	2.2106642801e+00	1.4364321965e-09 
3.6882321808e+02	2.6911942417e+00	1.7559267285e-09 
3.6945280352e+02	2.2933519227e+00	2.1250185783e-09 
3.7008096786e+02	1.8817632480e+00	2.0828549990e-09 
3.7070906248e+02	1.7693271297e+00	1.7177709111e-09 
3.7133642917e+02	2.3299578437e+00	1.4964785115e-09 
3.7196495523e+02	2.6265492832e+00	1.7882525883e-09 
3.7259293698e+02	2.3548674300e+00	2.1745602171e-09 
3.7322262501e+02	1.9849320998e+00	2.1530459086e-09 
3.7385071952e+02	1.8106480326e+00	1.7688735207e-09 
3.7447809119e+02	2.2881519531e+00	1.5386554158e-09 
3.7510663274e+02	2.6721269441e+00	1.8522970210e-09 
3.7573457844e+02	2.2553914948e+00	2.2433313881e-09 
3.7636424204e+02	1.9568464101e+00	2.2231598818e-09 
3.7699232144e+02	1.7827801680e+00	1.8485537730e-09 
